NUMBER; DRIVER_NUMBER; LAP_NUMBER; LAP_TIME; LAP_IMPROVEMENT; CROSSING_FINISH_LINE_IN_PIT; S1; S1_IMPROVEMENT; S2; S2_IMPROVEMENT; S3; S3_IMPROVEMENT; KPH; ELAPSED; HOUR;S1_LARGE;S2_LARGE;S3_LARGE;TOP_SPEED;DRIVER_NAME;PIT_TIME;CLASS;GROUP;TEAM;MANUFACTURER;
10;1;1;4:10.763;0;B;1:03.554;0;39.499;0;2:27.710;0;51.7;4:10.763;08:49:10.763;1:03.554;0:39.499;2:27.710;;Renger Van Der Zande;0:00:15.866;DPi;;Konica Minolta Cadillac DPi-V.R.;Cadillac;
10;1;2;1:38.484;0;;41.541;0;35.462;0;21.481;0;131.7;5:49.247;08:50:49.247;0:41.541;0:35.462;0:21.481;;Renger Van Der Zande;0:02:17.278;DPi;;Konica Minolta Cadillac DPi-V.R.;Cadillac;
10;1;3;1:24.701;0;;31.390;0;34.621;0;18.690;0;153.1;7:13.948;08:52:13.948;0:31.390;0:34.621;0:18.690;;Renger Van Der Zande;;DPi;;Konica Minolta Cadillac DPi-V.R.;Cadillac;
10;1;4;1:22.739;0;;29.168;0;30.192;0;23.379;0;156.7;8:36.687;08:53:36.687;0:29.168;0:30.192;0:23.379;;Renger Van Der Zande;;DPi;;Konica Minolta Cadillac DPi-V.R.;Cadillac;
10;1;5;1:16.889;0;;29.039;0;29.729;0;18.121;0;168.6;9:53.576;08:54:53.576;0:29.039;0:29.729;0:18.121;;Renger Van Der Zande;;DPi;;Konica Minolta Cadillac DPi-V.R.;Cadillac;
10;1;6;1:21.235;0;;28.976;0;32.197;0;20.062;0;159.6;11:14.811;08:56:14.811;0:28.976;0:32.197;0:20.062;;Renger Van Der Zande;;DPi;;Konica Minolta Cadillac DPi-V.R.;Cadillac;
10;1;7;1:16.215;0;;28.750;0;29.437;1;18.028;0;170.1;12:31.026;08:57:31.026;0:28.750;0:29.437;0:18.028;;Renger Van Der Zande;;DPi;;Konica Minolta Cadillac DPi-V.R.;Cadillac;
10;1;8;1:16.035;2;;28.607;2;29.457;0;17.971;3;170.5;13:47.061;08:58:47.061;0:28.607;0:29.457;0:17.971;;Renger Van Der Zande;;DPi;;Konica Minolta Cadillac DPi-V.R.;Cadillac;
10;1;9;1:22.471;0;;29.695;0;30.476;0;22.300;0;157.2;15:09.532;09:00:09.532;0:29.695;0:30.476;0:22.300;;Renger Van Der Zande;;DPi;;Konica Minolta Cadillac DPi-V.R.;Cadillac;
10;1;10;2:55.269;0;B;28.840;0;29.592;0;1:56.837;0;74.0;18:04.801;09:03:04.801;0:28.840;0:29.592;1:56.837;;Renger Van Der Zande;;DPi;;Konica Minolta Cadillac DPi-V.R.;Cadillac;
10;2;11;1:27.241;0;;36.571;0;31.766;0;18.904;0;148.6;19:32.042;09:04:32.042;0:36.571;0:31.766;0:18.904;;Jordan Taylor;0:01:48.179;DPi;;Konica Minolta Cadillac DPi-V.R.;Cadillac;
10;2;12;12:03.840;0;B;30.452;0;32.187;0;11:01.201;0;17.9;31:35.882;09:16:35.882;0:30.452;0:32.187;11:01.201;;Jordan Taylor;;DPi;;Konica Minolta Cadillac DPi-V.R.;Cadillac;
10;2;13;1:30.703;0;;36.559;0;32.639;0;21.505;0;143.0;33:06.585;09:18:06.585;0:36.559;0:32.639;0:21.505;;Jordan Taylor;0:10:52.969;DPi;;Konica Minolta Cadillac DPi-V.R.;Cadillac;
10;2;14;1:19.280;0;;29.153;0;30.597;0;19.530;0;163.5;34:25.865;09:19:25.865;0:29.153;0:30.597;0:19.530;;Jordan Taylor;;DPi;;Konica Minolta Cadillac DPi-V.R.;Cadillac;
10;2;15;5:26.459;0;B;28.941;0;30.089;0;4:27.429;0;39.7;39:52.324;09:24:52.324;0:28.941;0:30.089;4:27.429;;Jordan Taylor;;DPi;;Konica Minolta Cadillac DPi-V.R.;Cadillac;
10;2;16;1:27.726;0;;35.906;0;30.478;0;21.342;0;147.8;41:20.050;09:26:20.050;0:35.906;0:30.478;0:21.342;;Jordan Taylor;0:04:18.207;DPi;;Konica Minolta Cadillac DPi-V.R.;Cadillac;
10;2;17;1:16.893;0;;28.879;0;29.668;0;18.346;0;168.6;42:36.943;09:27:36.943;0:28.879;0:29.668;0:18.346;;Jordan Taylor;;DPi;;Konica Minolta Cadillac DPi-V.R.;Cadillac;
10;2;18;3:12.322;0;B;29.445;0;30.215;0;2:12.662;0;67.4;45:49.265;09:30:49.265;0:29.445;0:30.215;2:12.662;;Jordan Taylor;;DPi;;Konica Minolta Cadillac DPi-V.R.;Cadillac;
10;2;19;1:30.257;0;;38.893;0;32.407;0;18.957;0;143.7;47:19.522;09:32:19.522;0:38.893;0:32.407;0:18.957;;Jordan Taylor;0:02:05.352;DPi;;Konica Minolta Cadillac DPi-V.R.;Cadillac;
10;2;20;1:19.014;0;;29.977;0;30.583;0;18.454;0;164.1;48:38.536;09:33:38.536;0:29.977;0:30.583;0:18.454;;Jordan Taylor;;DPi;;Konica Minolta Cadillac DPi-V.R.;Cadillac;
10;2;21;1:18.284;0;;29.745;0;30.192;0;18.347;0;165.6;49:56.820;09:34:56.820;0:29.745;0:30.192;0:18.347;;Jordan Taylor;;DPi;;Konica Minolta Cadillac DPi-V.R.;Cadillac;
10;2;22;1:18.704;0;;28.927;0;30.596;0;19.181;0;164.7;51:15.524;09:36:15.524;0:28.927;0:30.596;0:19.181;;Jordan Taylor;;DPi;;Konica Minolta Cadillac DPi-V.R.;Cadillac;
10;2;23;1:16.145;0;;28.742;0;29.323;2;18.080;1;170.3;52:31.669;09:37:31.669;0:28.742;0:29.323;0:18.080;;Jordan Taylor;;DPi;;Konica Minolta Cadillac DPi-V.R.;Cadillac;
10;2;24;1:16.173;0;;28.676;1;29.348;0;18.149;0;170.2;53:47.842;09:38:47.842;0:28.676;0:29.348;0:18.149;;Jordan Taylor;;DPi;;Konica Minolta Cadillac DPi-V.R.;Cadillac;
10;2;25;1:16.911;0;;28.733;0;29.603;0;18.575;0;168.6;55:04.753;09:40:04.753;0:28.733;0:29.603;0:18.575;;Jordan Taylor;;DPi;;Konica Minolta Cadillac DPi-V.R.;Cadillac;
10;2;26;1:19.938;0;;29.565;0;30.571;0;19.802;0;162.2;56:24.691;09:41:24.691;0:29.565;0:30.571;0:19.802;;Jordan Taylor;;DPi;;Konica Minolta Cadillac DPi-V.R.;Cadillac;
10;2;27;1:29.809;0;B;28.856;0;30.036;0;30.917;0;144.4;57:54.500;09:42:54.500;0:28.856;0:30.036;0:30.917;;Jordan Taylor;;DPi;;Konica Minolta Cadillac DPi-V.R.;Cadillac;
12;1;1;2:28.151;0;;1:24.351;0;40.314;0;23.486;0;87.5;2:28.151;08:47:28.151;1:24.351;0:40.314;0:23.486;;Frank Montecalvo;0:00:39.175;GTD;;AIM Vasser Sullivan;Lexus;
12;1;2;1:34.756;0;;35.772;0;37.885;0;21.099;0;136.8;4:02.907;08:49:02.907;0:35.772;0:37.885;0:21.099;;Frank Montecalvo;;GTD;;AIM Vasser Sullivan;Lexus;
12;1;3;1:25.636;0;;32.165;0;33.403;0;20.068;2;151.4;5:28.543;08:50:28.543;0:32.165;0:33.403;0:20.068;;Frank Montecalvo;;GTD;;AIM Vasser Sullivan;Lexus;
12;1;4;1:25.127;2;;31.845;2;33.004;2;20.278;0;152.3;6:53.670;08:51:53.670;0:31.845;0:33.004;0:20.278;;Frank Montecalvo;;GTD;;AIM Vasser Sullivan;Lexus;
12;1;5;1:25.720;0;;32.295;0;33.215;0;20.210;0;151.3;8:19.390;08:53:19.390;0:32.295;0:33.215;0:20.210;;Frank Montecalvo;;GTD;;AIM Vasser Sullivan;Lexus;
12;1;6;6:15.249;0;B;32.461;0;33.721;0;5:09.067;0;34.6;14:34.639;08:59:34.639;0:32.461;0:33.721;5:09.067;;Frank Montecalvo;;GTD;;AIM Vasser Sullivan;Lexus;
12;2;7;1:33.100;0;;37.779;0;34.635;0;20.686;0;139.3;16:07.739;09:01:07.739;0:37.779;0:34.635;0:20.686;;Townsend Bell;0:05:00.674;GTD;;AIM Vasser Sullivan;Lexus;
12;2;8;1:26.446;0;;32.653;0;33.268;1;20.525;1;150.0;17:34.185;09:02:34.185;0:32.653;0:33.268;0:20.525;;Townsend Bell;;GTD;;AIM Vasser Sullivan;Lexus;
12;2;9;1:27.074;0;;32.363;1;33.533;0;21.178;0;148.9;19:01.259;09:04:01.259;0:32.363;0:33.533;0:21.178;;Townsend Bell;;GTD;;AIM Vasser Sullivan;Lexus;
12;2;10;1:26.552;0;;32.583;0;33.405;0;20.564;0;149.8;20:27.811;09:05:27.811;0:32.583;0:33.405;0:20.564;;Townsend Bell;;GTD;;AIM Vasser Sullivan;Lexus;
12;2;11;1:26.470;0;;32.556;0;33.368;0;20.546;0;149.9;21:54.281;09:06:54.281;0:32.556;0:33.368;0:20.546;;Townsend Bell;;GTD;;AIM Vasser Sullivan;Lexus;
12;2;12;1:26.305;0;;32.455;0;33.299;0;20.551;0;150.2;23:20.586;09:08:20.586;0:32.455;0:33.299;0:20.551;;Townsend Bell;;GTD;;AIM Vasser Sullivan;Lexus;
12;2;13;8:38.456;0;B;32.583;0;33.490;0;7:32.383;0;25.0;31:59.042;09:16:59.042;0:32.583;0:33.490;7:32.383;;Townsend Bell;;GTD;;AIM Vasser Sullivan;Lexus;
12;2;14;1:32.301;0;;37.645;0;33.875;0;20.781;0;140.5;33:31.343;09:18:31.343;0:37.645;0:33.875;0:20.781;;Townsend Bell;0:07:24.777;GTD;;AIM Vasser Sullivan;Lexus;
12;2;15;1:28.166;0;;32.789;0;34.237;0;21.140;0;147.1;34:59.509;09:19:59.509;0:32.789;0:34.237;0:21.140;;Townsend Bell;;GTD;;AIM Vasser Sullivan;Lexus;
12;2;16;1:27.285;0;;32.973;0;33.625;0;20.687;0;148.5;36:26.794;09:21:26.794;0:32.973;0:33.625;0:20.687;;Townsend Bell;;GTD;;AIM Vasser Sullivan;Lexus;
12;2;17;1:27.442;0;;33.002;0;33.749;0;20.691;0;148.3;37:54.236;09:22:54.236;0:33.002;0:33.749;0:20.691;;Townsend Bell;;GTD;;AIM Vasser Sullivan;Lexus;
12;2;18;1:27.696;0;;33.235;0;33.722;0;20.739;0;147.9;39:21.932;09:24:21.932;0:33.235;0:33.722;0:20.739;;Townsend Bell;;GTD;;AIM Vasser Sullivan;Lexus;
12;2;19;1:28.006;0;;32.846;0;34.386;0;20.774;0;147.3;40:49.938;09:25:49.938;0:32.846;0:34.386;0:20.774;;Townsend Bell;;GTD;;AIM Vasser Sullivan;Lexus;
12;2;20;1:27.584;0;;33.008;0;33.837;0;20.739;0;148.0;42:17.522;09:27:17.522;0:33.008;0:33.837;0:20.739;;Townsend Bell;;GTD;;AIM Vasser Sullivan;Lexus;
12;2;21;1:27.321;0;;32.961;0;33.699;0;20.661;0;148.5;43:44.843;09:28:44.843;0:32.961;0:33.699;0:20.661;;Townsend Bell;;GTD;;AIM Vasser Sullivan;Lexus;
12;2;22;1:28.156;0;;33.161;0;33.927;0;21.068;0;147.1;45:12.999;09:30:12.999;0:33.161;0:33.927;0:21.068;;Townsend Bell;;GTD;;AIM Vasser Sullivan;Lexus;
12;2;23;1:28.259;0;;33.227;0;34.086;0;20.946;0;146.9;46:41.258;09:31:41.258;0:33.227;0:34.086;0:20.946;;Townsend Bell;;GTD;;AIM Vasser Sullivan;Lexus;
12;2;24;2:59.380;0;B;33.166;0;34.494;0;1:51.720;0;72.3;49:40.638;09:34:40.638;0:33.166;0:34.494;1:51.720;;Townsend Bell;;GTD;;AIM Vasser Sullivan;Lexus;
12;1;25;1:36.711;0;;39.652;0;34.658;0;22.401;0;134.1;51:17.349;09:36:17.349;0:39.652;0:34.658;0:22.401;;Frank Montecalvo;0:01:43.722;GTD;;AIM Vasser Sullivan;Lexus;
12;1;26;1:29.496;0;;33.731;0;34.762;0;21.003;0;144.9;52:46.845;09:37:46.845;0:33.731;0:34.762;0:21.003;;Frank Montecalvo;;GTD;;AIM Vasser Sullivan;Lexus;
12;1;27;1:29.838;0;;33.755;0;35.060;0;21.023;0;144.3;54:16.683;09:39:16.683;0:33.755;0:35.060;0:21.023;;Frank Montecalvo;;GTD;;AIM Vasser Sullivan;Lexus;
12;1;28;1:30.063;0;;33.931;0;35.096;0;21.036;0;144.0;55:46.746;09:40:46.746;0:33.931;0:35.096;0:21.036;;Frank Montecalvo;;GTD;;AIM Vasser Sullivan;Lexus;
12;1;29;1:29.086;0;;33.544;0;34.340;0;21.202;0;145.5;57:15.832;09:42:15.832;0:33.544;0:34.340;0:21.202;;Frank Montecalvo;;GTD;;AIM Vasser Sullivan;Lexus;
12;1;30;1:29.613;0;;33.871;0;34.587;0;21.155;0;144.7;58:45.445;09:43:45.445;0:33.871;0:34.587;0:21.155;;Frank Montecalvo;;GTD;;AIM Vasser Sullivan;Lexus;
12;1;31;1:30.478;0;;33.900;0;35.371;0;21.207;0;143.3;1:00:15.923;09:45:15.923;0:33.900;0:35.371;0:21.207;;Frank Montecalvo;;GTD;;AIM Vasser Sullivan;Lexus;
14;2;1;2:23.808;0;;1:25.336;0;37.028;0;21.444;0;90.2;2:23.808;08:47:23.808;1:25.336;0:37.028;0:21.444;;Jack Hawksworth;0:00:40.040;GTD;;AIM Vasser Sullivan;Lexus;
14;2;2;1:28.769;0;;33.380;0;34.401;0;20.988;0;146.1;3:52.577;08:48:52.577;0:33.380;0:34.401;0:20.988;;Jack Hawksworth;;GTD;;AIM Vasser Sullivan;Lexus;
14;2;3;1:27.983;0;;32.945;0;34.211;0;20.827;0;147.4;5:20.560;08:50:20.560;0:32.945;0:34.211;0:20.827;;Jack Hawksworth;;GTD;;AIM Vasser Sullivan;Lexus;
14;2;4;1:28.032;0;;32.943;0;34.226;0;20.863;0;147.3;6:48.592;08:51:48.592;0:32.943;0:34.226;0:20.863;;Jack Hawksworth;;GTD;;AIM Vasser Sullivan;Lexus;
14;2;5;5:05.897;0;B;33.182;0;34.703;0;3:58.012;0;42.4;11:54.489;08:56:54.489;0:33.182;0:34.703;3:58.012;;Jack Hawksworth;;GTD;;AIM Vasser Sullivan;Lexus;
14;2;6;1:38.589;0;;42.465;0;35.498;0;20.626;0;131.5;13:33.078;08:58:33.078;0:42.465;0:35.498;0:20.626;;Jack Hawksworth;0:03:49.454;GTD;;AIM Vasser Sullivan;Lexus;
14;2;7;1:26.008;0;;32.161;0;33.338;0;20.509;0;150.8;14:59.086;08:59:59.086;0:32.161;0:33.338;0:20.509;;Jack Hawksworth;;GTD;;AIM Vasser Sullivan;Lexus;
14;2;8;1:25.364;0;;32.089;0;33.022;2;20.253;0;151.9;16:24.450;09:01:24.450;0:32.089;0:33.022;0:20.253;;Jack Hawksworth;;GTD;;AIM Vasser Sullivan;Lexus;
14;2;9;1:25.285;2;;32.025;2;33.023;0;20.237;2;152.0;17:49.735;09:02:49.735;0:32.025;0:33.023;0:20.237;;Jack Hawksworth;;GTD;;AIM Vasser Sullivan;Lexus;
14;2;10;1:26.331;0;;32.237;0;33.658;0;20.436;0;150.2;19:16.066;09:04:16.066;0:32.237;0:33.658;0:20.436;;Jack Hawksworth;;GTD;;AIM Vasser Sullivan;Lexus;
14;2;11;1:25.724;0;;32.211;0;33.203;0;20.310;0;151.3;20:41.790;09:05:41.790;0:32.211;0:33.203;0:20.310;;Jack Hawksworth;;GTD;;AIM Vasser Sullivan;Lexus;
14;2;12;1:25.880;0;;32.206;0;33.214;0;20.460;0;151.0;22:07.670;09:07:07.670;0:32.206;0:33.214;0:20.460;;Jack Hawksworth;;GTD;;AIM Vasser Sullivan;Lexus;
14;2;13;1:26.433;0;;32.201;0;33.558;0;20.674;0;150.0;23:34.103;09:08:34.103;0:32.201;0:33.558;0:20.674;;Jack Hawksworth;;GTD;;AIM Vasser Sullivan;Lexus;
14;2;14;7:18.615;0;B;32.606;0;33.746;0;6:12.263;0;29.6;30:52.718;09:15:52.718;0:32.606;0:33.746;6:12.263;;Jack Hawksworth;;GTD;;AIM Vasser Sullivan;Lexus;
14;2;15;1:38.983;0;;41.800;0;35.394;0;21.789;0;131.0;32:31.701;09:17:31.701;0:41.800;0:35.394;0:21.789;;Jack Hawksworth;0:06:02.999;GTD;;AIM Vasser Sullivan;Lexus;
14;2;16;1:26.422;0;;32.366;0;33.538;0;20.518;0;150.0;33:58.123;09:18:58.123;0:32.366;0:33.538;0:20.518;;Jack Hawksworth;;GTD;;AIM Vasser Sullivan;Lexus;
14;2;17;2:54.010;0;B;32.410;0;33.653;0;1:47.947;0;74.5;36:52.133;09:21:52.133;0:32.410;0:33.653;1:47.947;;Jack Hawksworth;;GTD;;AIM Vasser Sullivan;Lexus;
14;1;18;1:52.092;0;;56.167;0;34.690;0;21.235;0;115.7;38:44.225;09:23:44.225;0:56.167;0:34.690;0:21.235;;Richard Heistand;0:01:40.261;GTD;;AIM Vasser Sullivan;Lexus;
14;1;19;1:28.521;0;;32.988;0;34.362;0;21.171;0;146.5;40:12.746;09:25:12.746;0:32.988;0:34.362;0:21.171;;Richard Heistand;;GTD;;AIM Vasser Sullivan;Lexus;
14;1;20;1:28.477;0;;33.008;0;34.412;0;21.057;0;146.5;41:41.223;09:26:41.223;0:33.008;0:34.412;0:21.057;;Richard Heistand;;GTD;;AIM Vasser Sullivan;Lexus;
14;1;21;1:30.493;0;;34.292;0;34.991;0;21.210;0;143.3;43:11.716;09:28:11.716;0:34.292;0:34.991;0:21.210;;Richard Heistand;;GTD;;AIM Vasser Sullivan;Lexus;
14;1;22;1:29.875;0;;33.125;0;35.625;0;21.125;0;144.3;44:41.591;09:29:41.591;0:33.125;0:35.625;0:21.125;;Richard Heistand;;GTD;;AIM Vasser Sullivan;Lexus;
14;1;23;4:54.547;0;B;33.272;0;34.935;0;3:46.340;0;44.0;49:36.138;09:34:36.138;0:33.272;0:34.935;3:46.340;;Richard Heistand;;GTD;;AIM Vasser Sullivan;Lexus;
14;1;24;1:44.584;0;;45.089;0;38.078;0;21.417;0;124.0;51:20.722;09:36:20.722;0:45.089;0:38.078;0:21.417;;Richard Heistand;0:03:38.448;GTD;;AIM Vasser Sullivan;Lexus;
14;1;25;1:30.548;0;;33.666;0;35.725;0;21.157;0;143.2;52:51.270;09:37:51.270;0:33.666;0:35.725;0:21.157;;Richard Heistand;;GTD;;AIM Vasser Sullivan;Lexus;
14;1;26;1:35.282;0;;32.402;0;37.234;0;25.646;0;136.1;54:26.552;09:39:26.552;0:32.402;0:37.234;0:25.646;;Richard Heistand;;GTD;;AIM Vasser Sullivan;Lexus;
14;1;27;1:26.442;0;;32.283;0;33.663;0;20.496;1;150.0;55:52.994;09:40:52.994;0:32.283;0:33.663;0:20.496;;Richard Heistand;;GTD;;AIM Vasser Sullivan;Lexus;
14;1;28;1:30.167;0;;32.861;0;36.513;0;20.793;0;143.8;57:23.161;09:42:23.161;0:32.861;0:36.513;0:20.793;;Richard Heistand;;GTD;;AIM Vasser Sullivan;Lexus;
14;1;29;1:26.717;0;;32.392;0;33.779;0;20.546;0;149.5;58:49.878;09:43:49.878;0:32.392;0:33.779;0:20.546;;Richard Heistand;;GTD;;AIM Vasser Sullivan;Lexus;
14;1;30;1:27.451;0;;32.278;1;33.659;1;21.514;0;148.3;1:00:17.329;09:45:17.329;0:32.278;0:33.659;0:21.514;;Richard Heistand;;GTD;;AIM Vasser Sullivan;Lexus;
24;1;1;2:14.307;0;;1:17.480;0;35.745;0;21.082;0;96.5;2:14.307;08:47:14.307;1:17.480;0:35.745;0:21.082;;Jesse Krohn;0:00:36.653;GTLM;;BMW Team RLL;BMW;
24;1;2;1:24.363;0;;31.999;0;32.429;0;19.935;0;153.7;3:38.670;08:48:38.670;0:31.999;0:32.429;0:19.935;;Jesse Krohn;;GTLM;;BMW Team RLL;BMW;
24;1;3;1:24.083;0;;31.890;0;32.472;0;19.721;0;154.2;5:02.753;08:50:02.753;0:31.890;0:32.472;0:19.721;;Jesse Krohn;;GTLM;;BMW Team RLL;BMW;
24;1;4;1:23.971;0;;31.466;0;32.504;0;20.001;0;154.4;6:26.724;08:51:26.724;0:31.466;0:32.504;0:20.001;;Jesse Krohn;;GTLM;;BMW Team RLL;BMW;
24;1;5;1:25.405;0;;32.073;0;33.238;0;20.094;0;151.8;7:52.129;08:52:52.129;0:32.073;0:33.238;0:20.094;;Jesse Krohn;;GTLM;;BMW Team RLL;BMW;
24;1;6;4:00.423;0;B;31.783;0;32.723;0;2:55.917;0;53.9;11:52.552;08:56:52.552;0:31.783;0:32.723;2:55.917;;Jesse Krohn;;GTLM;;BMW Team RLL;BMW;
24;1;7;1:34.513;0;;39.716;0;34.659;0;20.138;0;137.2;13:27.065;08:58:27.065;0:39.716;0:34.659;0:20.138;;Jesse Krohn;0:02:47.754;GTLM;;BMW Team RLL;BMW;
24;1;8;1:23.318;0;;31.375;0;32.290;0;19.653;0;155.6;14:50.383;08:59:50.383;0:31.375;0:32.290;0:19.653;;Jesse Krohn;;GTLM;;BMW Team RLL;BMW;
24;1;9;1:22.753;0;;31.184;0;31.995;0;19.574;0;156.7;16:13.136;09:01:13.136;0:31.184;0:31.995;0:19.574;;Jesse Krohn;;GTLM;;BMW Team RLL;BMW;
24;1;10;1:22.729;2;;31.148;0;32.008;0;19.573;0;156.7;17:35.865;09:02:35.865;0:31.148;0:32.008;0:19.573;;Jesse Krohn;;GTLM;;BMW Team RLL;BMW;
24;1;11;1:24.711;0;;31.192;0;33.284;0;20.235;0;153.1;19:00.576;09:04:00.576;0:31.192;0:33.284;0:20.235;;Jesse Krohn;;GTLM;;BMW Team RLL;BMW;
24;1;12;3:40.310;0;B;31.251;0;32.333;0;2:36.726;0;58.9;22:40.886;09:07:40.886;0:31.251;0:32.333;2:36.726;;Jesse Krohn;;GTLM;;BMW Team RLL;BMW;
24;1;13;1:35.605;0;;40.119;0;35.454;0;20.032;0;135.6;24:16.491;09:09:16.491;0:40.119;0:35.454;0:20.032;;Jesse Krohn;0:02:28.920;GTLM;;BMW Team RLL;BMW;
24;1;14;6:11.427;0;B;31.504;0;41.392;0;4:58.531;0;34.9;30:27.918;09:15:27.918;0:31.504;0:41.392;4:58.531;;Jesse Krohn;;GTLM;;BMW Team RLL;BMW;
24;1;15;1:34.394;0;;38.984;0;35.378;0;20.032;0;137.4;32:02.312;09:17:02.312;0:38.984;0:35.378;0:20.032;;Jesse Krohn;0:04:48.592;GTLM;;BMW Team RLL;BMW;
24;1;16;1:23.009;0;;31.433;0;32.009;0;19.567;0;156.2;33:25.321;09:18:25.321;0:31.433;0:32.009;0:19.567;;Jesse Krohn;;GTLM;;BMW Team RLL;BMW;
24;1;17;1:22.985;0;;30.960;0;31.896;2;20.129;0;156.2;34:48.306;09:19:48.306;0:30.960;0:31.896;0:20.129;;Jesse Krohn;;GTLM;;BMW Team RLL;BMW;
24;1;18;10:27.020;0;B;30.920;2;32.009;0;9:24.091;0;20.7;45:15.326;09:30:15.326;0:30.920;0:32.009;9:24.091;;Jesse Krohn;;GTLM;;BMW Team RLL;BMW;
24;1;19;1:35.878;0;;41.701;0;34.286;0;19.891;0;135.2;46:51.204;09:31:51.204;0:41.701;0:34.286;0:19.891;;Jesse Krohn;0:09:16.354;GTLM;;BMW Team RLL;BMW;
24;1;20;1:22.820;0;;31.270;0;32.015;0;19.535;2;156.6;48:14.024;09:33:14.024;0:31.270;0:32.015;0:19.535;;Jesse Krohn;;GTLM;;BMW Team RLL;BMW;
24;1;21;1:22.781;0;;31.058;0;32.150;0;19.573;0;156.6;49:36.805;09:34:36.805;0:31.058;0:32.150;0:19.573;;Jesse Krohn;;GTLM;;BMW Team RLL;BMW;
24;1;22;4:28.059;0;B;31.529;0;32.102;0;3:24.428;0;48.4;54:04.864;09:39:04.864;0:31.529;0:32.102;3:24.428;;Jesse Krohn;;GTLM;;BMW Team RLL;BMW;
24;1;23;1:33.581;0;;38.985;0;34.784;0;19.812;0;138.6;55:38.445;09:40:38.445;0:38.985;0:34.784;0:19.812;;Jesse Krohn;0:03:16.807;GTLM;;BMW Team RLL;BMW;
24;1;24;1:25.652;0;;31.632;0;33.444;0;20.576;0;151.4;57:04.097;09:42:04.097;0:31.632;0:33.444;0:20.576;;Jesse Krohn;;GTLM;;BMW Team RLL;BMW;
24;1;25;1:24.535;0;;31.747;0;32.685;0;20.103;0;153.4;58:28.632;09:43:28.632;0:31.747;0:32.685;0:20.103;;Jesse Krohn;;GTLM;;BMW Team RLL;BMW;
24;1;26;1:25.048;0;;31.876;0;33.186;0;19.986;0;152.5;59:53.680;09:44:53.680;0:31.876;0:33.186;0:19.986;;Jesse Krohn;;GTLM;;BMW Team RLL;BMW;
25;2;1;3:22.609;0;;2:24.111;0;37.190;0;21.308;0;64.0;3:22.609;08:48:22.609;2:24.111;0:37.190;0:21.308;;Tom Blomqvist;0:01:41.227;GTLM;;BMW Team RLL;BMW;
25;2;2;1:28.023;0;;34.127;0;34.096;0;19.800;0;147.3;4:50.632;08:49:50.632;0:34.127;0:34.096;0:19.800;;Tom Blomqvist;;GTLM;;BMW Team RLL;BMW;
25;2;3;1:23.924;0;;31.062;0;32.758;0;20.104;0;154.5;6:14.556;08:51:14.556;0:31.062;0:32.758;0:20.104;;Tom Blomqvist;;GTLM;;BMW Team RLL;BMW;
25;2;4;1:23.998;0;;31.562;0;32.875;0;19.561;0;154.4;7:38.554;08:52:38.554;0:31.562;0:32.875;0:19.561;;Tom Blomqvist;;GTLM;;BMW Team RLL;BMW;
25;2;5;1:22.264;2;;30.844;0;31.954;2;19.466;2;157.6;9:00.818;08:54:00.818;0:30.844;0:31.954;0:19.466;;Tom Blomqvist;;GTLM;;BMW Team RLL;BMW;
25;2;6;10:14.976;0;B;30.957;0;32.235;0;9:11.784;0;21.1;19:15.794;09:04:15.794;0:30.957;0:32.235;9:11.784;;Tom Blomqvist;;GTLM;;BMW Team RLL;BMW;
25;2;7;1:42.647;0;;43.837;0;37.745;0;21.065;0;126.3;20:58.441;09:05:58.441;0:43.837;0:37.745;0:21.065;;Tom Blomqvist;0:09:02.912;GTLM;;BMW Team RLL;BMW;
25;2;8;1:24.298;0;;31.777;0;32.689;0;19.832;0;153.8;22:22.739;09:07:22.739;0:31.777;0:32.689;0:19.832;;Tom Blomqvist;;GTLM;;BMW Team RLL;BMW;
25;2;9;1:23.120;0;;31.014;0;32.380;0;19.726;0;156.0;23:45.859;09:08:45.859;0:31.014;0:32.380;0:19.726;;Tom Blomqvist;;GTLM;;BMW Team RLL;BMW;
25;2;10;12:15.865;0;B;30.778;2;32.203;0;11:12.884;0;17.6;36:01.724;09:21:01.724;0:30.778;0:32.203;11:12.884;;Tom Blomqvist;;GTLM;;BMW Team RLL;BMW;
25;2;11;1:32.573;0;;38.893;0;32.949;0;20.731;0;140.1;37:34.297;09:22:34.297;0:38.893;0:32.949;0:20.731;;Tom Blomqvist;0:11:03.570;GTLM;;BMW Team RLL;BMW;
25;2;12;1:23.239;0;;31.177;0;32.569;0;19.493;0;155.8;38:57.536;09:23:57.536;0:31.177;0:32.569;0:19.493;;Tom Blomqvist;;GTLM;;BMW Team RLL;BMW;
25;2;13;1:22.614;0;;30.926;0;32.028;0;19.660;0;156.9;40:20.150;09:25:20.150;0:30.926;0:32.028;0:19.660;;Tom Blomqvist;;GTLM;;BMW Team RLL;BMW;
25;2;14;1:22.860;0;;31.080;0;32.212;0;19.568;0;156.5;41:43.010;09:26:43.010;0:31.080;0:32.212;0:19.568;;Tom Blomqvist;;GTLM;;BMW Team RLL;BMW;
25;2;15;1:25.874;0;;31.656;0;33.736;0;20.482;0;151.0;43:08.884;09:28:08.884;0:31.656;0:33.736;0:20.482;;Tom Blomqvist;;GTLM;;BMW Team RLL;BMW;
25;2;16;4:39.971;0;B;31.504;0;33.360;0;3:35.107;0;46.3;47:48.855;09:32:48.855;0:31.504;0:33.360;3:35.107;;Tom Blomqvist;;GTLM;;BMW Team RLL;BMW;
25;1;17;1:29.753;0;;37.142;0;33.134;0;19.477;1;144.5;49:18.608;09:34:18.608;0:37.142;0:33.134;0:19.477;;Connor De Phillippi;0:03:26.717;GTLM;;BMW Team RLL;BMW;
25;1;18;1:23.016;0;;31.280;0;32.239;0;19.497;0;156.2;50:41.624;09:35:41.624;0:31.280;0:32.239;0:19.497;;Connor De Phillippi;;GTLM;;BMW Team RLL;BMW;
25;1;19;1:22.881;0;;31.110;1;32.220;1;19.551;0;156.4;52:04.505;09:37:04.505;0:31.110;0:32.220;0:19.551;;Connor De Phillippi;;GTLM;;BMW Team RLL;BMW;
25;1;20;1:24.054;0;;31.415;0;32.970;0;19.669;0;154.3;53:28.559;09:38:28.559;0:31.415;0:32.970;0:19.669;;Connor De Phillippi;;GTLM;;BMW Team RLL;BMW;
25;1;21;1:23.311;0;;31.287;0;32.431;0;19.593;0;155.6;54:51.870;09:39:51.870;0:31.287;0:32.431;0:19.593;;Connor De Phillippi;;GTLM;;BMW Team RLL;BMW;
25;1;22;1:26.043;0;;31.800;0;33.025;0;21.218;0;150.7;56:17.913;09:41:17.913;0:31.800;0:33.025;0:21.218;;Connor De Phillippi;;GTLM;;BMW Team RLL;BMW;
25;1;23;1:23.723;0;;31.451;0;32.535;0;19.737;0;154.9;57:41.636;09:42:41.636;0:31.451;0:32.535;0:19.737;;Connor De Phillippi;;GTLM;;BMW Team RLL;BMW;
25;1;24;1:23.710;0;;31.513;0;32.515;0;19.682;0;154.9;59:05.346;09:44:05.346;0:31.513;0:32.515;0:19.682;;Connor De Phillippi;;GTLM;;BMW Team RLL;BMW;
3;1;1;3:08.595;0;B;1:11.956;0;36.585;0;1:20.054;0;68.8;3:08.595;08:48:08.595;1:11.956;0:36.585;1:20.054;;Jan Magnussen;0:00:30.171;GTLM;;Corvette Racing;Chevrolet;
3;1;2;1:35.612;0;;38.706;0;34.615;0;22.291;0;135.6;4:44.207;08:49:44.207;0:38.706;0:34.615;0:22.291;;Jan Magnussen;0:01:11.230;GTLM;;Corvette Racing;Chevrolet;
3;1;3;1:24.069;0;;31.967;0;32.563;0;19.539;0;154.2;6:08.276;08:51:08.276;0:31.967;0:32.563;0:19.539;;Jan Magnussen;;GTLM;;Corvette Racing;Chevrolet;
3;1;4;1:22.797;0;;30.986;0;32.249;0;19.562;0;156.6;7:31.073;08:52:31.073;0:30.986;0:32.249;0:19.562;;Jan Magnussen;;GTLM;;Corvette Racing;Chevrolet;
3;1;5;1:23.106;0;;31.042;0;32.506;0;19.558;0;156.0;8:54.179;08:53:54.179;0:31.042;0:32.506;0:19.558;;Jan Magnussen;;GTLM;;Corvette Racing;Chevrolet;
3;1;6;1:22.635;2;;31.071;0;32.180;2;19.384;2;156.9;10:16.814;08:55:16.814;0:31.071;0:32.180;0:19.384;;Jan Magnussen;;GTLM;;Corvette Racing;Chevrolet;
3;1;7;1:30.681;0;;31.814;0;36.521;0;22.346;0;143.0;11:47.495;08:56:47.495;0:31.814;0:36.521;0:22.346;;Jan Magnussen;;GTLM;;Corvette Racing;Chevrolet;
3;1;8;1:22.811;0;;30.990;0;32.249;0;19.572;0;156.6;13:10.306;08:58:10.306;0:30.990;0:32.249;0:19.572;;Jan Magnussen;;GTLM;;Corvette Racing;Chevrolet;
3;1;9;3:36.138;0;B;30.932;2;32.643;0;2:32.563;0;60.0;16:46.444;09:01:46.444;0:30.932;0:32.643;2:32.563;;Jan Magnussen;;GTLM;;Corvette Racing;Chevrolet;
3;1;10;1:35.830;0;;40.064;0;34.981;0;20.785;0;135.3;18:22.274;09:03:22.274;0:40.064;0:34.981;0:20.785;;Jan Magnussen;0:02:24.473;GTLM;;Corvette Racing;Chevrolet;
3;1;11;1:23.834;0;;31.537;0;32.760;0;19.537;0;154.7;19:46.108;09:04:46.108;0:31.537;0:32.760;0:19.537;;Jan Magnussen;;GTLM;;Corvette Racing;Chevrolet;
3;1;12;1:23.145;0;;31.101;0;32.445;0;19.599;0;155.9;21:09.253;09:06:09.253;0:31.101;0:32.445;0:19.599;;Jan Magnussen;;GTLM;;Corvette Racing;Chevrolet;
3;1;13;1:22.779;0;;31.003;0;32.228;0;19.548;0;156.6;22:32.032;09:07:32.032;0:31.003;0:32.228;0:19.548;;Jan Magnussen;;GTLM;;Corvette Racing;Chevrolet;
3;1;14;1:22.881;0;;31.024;0;32.342;0;19.515;0;156.4;23:54.913;09:08:54.913;0:31.024;0:32.342;0:19.515;;Jan Magnussen;;GTLM;;Corvette Racing;Chevrolet;
3;1;15;6:48.000;0;B;31.019;0;32.809;0;5:44.172;0;31.8;30:42.913;09:15:42.913;0:31.019;0:32.809;5:44.172;;Jan Magnussen;;GTLM;;Corvette Racing;Chevrolet;
3;1;16;1:31.524;0;;38.432;0;33.396;0;19.696;0;141.7;32:14.437;09:17:14.437;0:38.432;0:33.396;0:19.696;;Jan Magnussen;0:05:35.682;GTLM;;Corvette Racing;Chevrolet;
3;1;17;1:24.261;0;;31.511;0;33.012;0;19.738;0;153.9;33:38.698;09:18:38.698;0:31.511;0:33.012;0:19.738;;Jan Magnussen;;GTLM;;Corvette Racing;Chevrolet;
3;1;18;2:02.700;0;B;31.490;0;32.996;0;58.214;0;105.7;35:41.398;09:20:41.398;0:31.490;0:32.996;0:58.214;;Jan Magnussen;;GTLM;;Corvette Racing;Chevrolet;
3;1;19;1:30.422;0;;36.819;0;33.376;0;20.227;0;143.4;37:11.820;09:22:11.820;0:36.819;0:33.376;0:20.227;;Jan Magnussen;0:00:50.005;GTLM;;Corvette Racing;Chevrolet;
3;1;20;1:23.873;0;;31.446;0;32.743;0;19.684;0;154.6;38:35.693;09:23:35.693;0:31.446;0:32.743;0:19.684;;Jan Magnussen;;GTLM;;Corvette Racing;Chevrolet;
3;1;21;1:23.727;0;;31.292;0;32.741;0;19.694;0;154.9;39:59.420;09:24:59.420;0:31.292;0:32.741;0:19.694;;Jan Magnussen;;GTLM;;Corvette Racing;Chevrolet;
3;1;22;1:24.687;0;;31.603;0;32.891;0;20.193;0;153.1;41:24.107;09:26:24.107;0:31.603;0:32.891;0:20.193;;Jan Magnussen;;GTLM;;Corvette Racing;Chevrolet;
3;1;23;1:25.130;0;;31.831;0;33.367;0;19.932;0;152.3;42:49.237;09:27:49.237;0:31.831;0:33.367;0:19.932;;Jan Magnussen;;GTLM;;Corvette Racing;Chevrolet;
3;1;24;1:24.385;0;;31.625;0;32.914;0;19.846;0;153.7;44:13.622;09:29:13.622;0:31.625;0:32.914;0:19.846;;Jan Magnussen;;GTLM;;Corvette Racing;Chevrolet;
3;1;25;1:24.809;0;;31.641;0;33.184;0;19.984;0;152.9;45:38.431;09:30:38.431;0:31.641;0:33.184;0:19.984;;Jan Magnussen;;GTLM;;Corvette Racing;Chevrolet;
3;1;26;2:50.271;0;B;31.704;0;33.045;0;1:45.522;0;76.1;48:28.702;09:33:28.702;0:31.704;0:33.045;1:45.522;;Jan Magnussen;;GTLM;;Corvette Racing;Chevrolet;
3;1;27;1:30.980;0;;37.988;0;33.327;0;19.665;0;142.5;49:59.682;09:34:59.682;0:37.988;0:33.327;0:19.665;;Jan Magnussen;0:01:37.343;GTLM;;Corvette Racing;Chevrolet;
3;1;28;1:23.313;0;;31.173;0;32.363;0;19.777;0;155.6;51:22.995;09:36:22.995;0:31.173;0:32.363;0:19.777;;Jan Magnussen;;GTLM;;Corvette Racing;Chevrolet;
3;1;29;1:23.878;0;;31.433;0;32.716;0;19.729;0;154.6;52:46.873;09:37:46.873;0:31.433;0:32.716;0:19.729;;Jan Magnussen;;GTLM;;Corvette Racing;Chevrolet;
3;1;30;1:23.015;0;;31.052;0;32.447;0;19.516;0;156.2;54:09.888;09:39:09.888;0:31.052;0:32.447;0:19.516;;Jan Magnussen;;GTLM;;Corvette Racing;Chevrolet;
3;1;31;1:23.133;0;;31.249;0;32.352;0;19.532;0;156.0;55:33.021;09:40:33.021;0:31.249;0:32.352;0:19.532;;Jan Magnussen;;GTLM;;Corvette Racing;Chevrolet;
3;1;32;1:23.287;0;;30.984;0;32.340;0;19.963;0;155.7;56:56.308;09:41:56.308;0:30.984;0:32.340;0:19.963;;Jan Magnussen;;GTLM;;Corvette Racing;Chevrolet;
3;1;33;1:23.589;0;;31.306;0;32.594;0;19.689;0;155.1;58:19.897;09:43:19.897;0:31.306;0:32.594;0:19.689;;Jan Magnussen;;GTLM;;Corvette Racing;Chevrolet;
3;1;34;1:23.375;0;;31.215;0;32.497;0;19.663;0;155.5;59:43.272;09:44:43.272;0:31.215;0:32.497;0:19.663;;Jan Magnussen;;GTLM;;Corvette Racing;Chevrolet;
3;1;35;1:24.196;0;;31.634;0;32.790;0;19.772;0;154.0;1:01:07.468;09:46:07.468;0:31.634;0:32.790;0:19.772;;Jan Magnussen;;GTLM;;Corvette Racing;Chevrolet;
31;2;1;1:37.986;0;;46.305;0;32.510;0;19.171;0;132.3;1:37.986;08:46:37.986;0:46.305;0:32.510;0:19.171;;Pipo Derani;0:00:06.741;DPi;;Whelen Engineering Racing;Cadillac;
31;2;2;1:18.750;0;;30.126;0;30.115;0;18.509;0;164.6;2:56.736;08:47:56.736;0:30.126;0:30.115;0:18.509;;Pipo Derani;;DPi;;Whelen Engineering Racing;Cadillac;
31;2;3;1:17.089;0;;29.071;0;29.581;0;18.437;0;168.2;4:13.825;08:49:13.825;0:29.071;0:29.581;0:18.437;;Pipo Derani;;DPi;;Whelen Engineering Racing;Cadillac;
31;2;4;1:17.317;0;;28.855;1;30.037;0;18.425;0;167.7;5:31.142;08:50:31.142;0:28.855;0:30.037;0:18.425;;Pipo Derani;;DPi;;Whelen Engineering Racing;Cadillac;
31;2;5;1:16.996;0;;28.976;0;29.572;0;18.448;0;168.4;6:48.138;08:51:48.138;0:28.976;0:29.572;0:18.448;;Pipo Derani;;DPi;;Whelen Engineering Racing;Cadillac;
31;2;6;1:18.310;0;;29.127;0;30.483;0;18.700;0;165.6;8:06.448;08:53:06.448;0:29.127;0:30.483;0:18.700;;Pipo Derani;;DPi;;Whelen Engineering Racing;Cadillac;
31;2;7;1:16.879;0;;29.062;0;29.462;0;18.355;0;168.7;9:23.327;08:54:23.327;0:29.062;0:29.462;0:18.355;;Pipo Derani;;DPi;;Whelen Engineering Racing;Cadillac;
31;2;8;1:16.660;0;;28.960;0;29.442;2;18.258;1;169.1;10:39.987;08:55:39.987;0:28.960;0:29.442;0:18.258;;Pipo Derani;;DPi;;Whelen Engineering Racing;Cadillac;
31;2;9;1:17.618;0;;29.251;0;29.658;0;18.709;0;167.1;11:57.605;08:56:57.605;0:29.251;0:29.658;0:18.709;;Pipo Derani;;DPi;;Whelen Engineering Racing;Cadillac;
31;2;10;1:18.188;0;;29.171;0;30.667;0;18.350;0;165.8;13:15.793;08:58:15.793;0:29.171;0:30.667;0:18.350;;Pipo Derani;;DPi;;Whelen Engineering Racing;Cadillac;
31;2;11;1:17.773;0;;29.085;0;30.162;0;18.526;0;166.7;14:33.566;08:59:33.566;0:29.085;0:30.162;0:18.526;;Pipo Derani;;DPi;;Whelen Engineering Racing;Cadillac;
31;2;12;1:17.282;0;;29.153;0;29.536;0;18.593;0;167.8;15:50.848;09:00:50.848;0:29.153;0:29.536;0:18.593;;Pipo Derani;;DPi;;Whelen Engineering Racing;Cadillac;
31;2;13;1:17.814;0;;29.169;0;30.206;0;18.439;0;166.6;17:08.662;09:02:08.662;0:29.169;0:30.206;0:18.439;;Pipo Derani;;DPi;;Whelen Engineering Racing;Cadillac;
31;2;14;7:23.352;0;B;29.831;0;30.047;0;6:23.474;0;29.2;24:32.014;09:09:32.014;0:29.831;0:30.047;6:23.474;;Pipo Derani;;DPi;;Whelen Engineering Racing;Cadillac;
31;2;15;5:57.843;0;B;36.744;0;35.396;0;4:45.703;0;36.2;30:29.857;09:15:29.857;0:36.744;0:35.396;4:45.703;;Pipo Derani;0:06:15.980;DPi;;Whelen Engineering Racing;Cadillac;
31;2;16;1:26.777;0;;35.975;0;31.504;0;19.298;0;149.4;31:56.634;09:16:56.634;0:35.975;0:31.504;0:19.298;;Pipo Derani;0:04:36.834;DPi;;Whelen Engineering Racing;Cadillac;
31;2;17;1:18.776;0;;29.795;0;30.228;0;18.753;0;164.6;33:15.410;09:18:15.410;0:29.795;0:30.228;0:18.753;;Pipo Derani;;DPi;;Whelen Engineering Racing;Cadillac;
31;2;18;1:18.722;0;;29.446;0;30.209;0;19.067;0;164.7;34:34.132;09:19:34.132;0:29.446;0:30.209;0:19.067;;Pipo Derani;;DPi;;Whelen Engineering Racing;Cadillac;
31;2;19;1:19.063;0;;29.540;0;30.482;0;19.041;0;164.0;35:53.195;09:20:53.195;0:29.540;0:30.482;0:19.041;;Pipo Derani;;DPi;;Whelen Engineering Racing;Cadillac;
31;2;20;1:18.595;0;;29.597;0;30.031;0;18.967;0;165.0;37:11.790;09:22:11.790;0:29.597;0:30.031;0:18.967;;Pipo Derani;;DPi;;Whelen Engineering Racing;Cadillac;
31;2;21;1:18.640;0;;29.539;0;30.244;0;18.857;0;164.9;38:30.430;09:23:30.430;0:29.539;0:30.244;0:18.857;;Pipo Derani;;DPi;;Whelen Engineering Racing;Cadillac;
31;2;22;9:31.687;0;B;30.094;0;30.626;0;8:30.967;0;22.7;48:02.117;09:33:02.117;0:30.094;0:30.626;8:30.967;;Pipo Derani;;DPi;;Whelen Engineering Racing;Cadillac;
31;1;23;1:33.925;0;;42.004;0;32.487;0;19.434;0;138.0;49:36.042;09:34:36.042;0:42.004;0:32.487;0:19.434;;Felipe Nasr;0:08:22.628;DPi;;Whelen Engineering Racing;Cadillac;
31;1;24;1:21.043;0;;30.901;0;30.819;0;19.323;0;160.0;50:57.085;09:35:57.085;0:30.901;0:30.819;0:19.323;;Felipe Nasr;;DPi;;Whelen Engineering Racing;Cadillac;
31;1;25;1:24.910;0;;29.506;0;32.804;0;22.600;0;152.7;52:21.995;09:37:21.995;0:29.506;0:32.804;0:22.600;;Felipe Nasr;;DPi;;Whelen Engineering Racing;Cadillac;
31;1;26;1:17.533;0;;29.044;0;30.046;0;18.443;0;167.2;53:39.528;09:38:39.528;0:29.044;0:30.046;0:18.443;;Felipe Nasr;;DPi;;Whelen Engineering Racing;Cadillac;
31;1;27;1:16.601;2;;28.945;0;29.496;1;18.160;2;169.3;54:56.129;09:39:56.129;0:28.945;0:29.496;0:18.160;;Felipe Nasr;;DPi;;Whelen Engineering Racing;Cadillac;
31;1;28;1:19.919;0;;28.805;2;30.619;0;20.495;0;162.2;56:16.048;09:41:16.048;0:28.805;0:30.619;0:20.495;;Felipe Nasr;;DPi;;Whelen Engineering Racing;Cadillac;
31;1;29;1:17.633;0;;28.826;0;30.118;0;18.689;0;167.0;57:33.681;09:42:33.681;0:28.826;0:30.118;0:18.689;;Felipe Nasr;;DPi;;Whelen Engineering Racing;Cadillac;
31;1;30;1:22.491;0;;30.700;0;32.605;0;19.186;0;157.2;58:56.172;09:43:56.172;0:30.700;0:32.605;0:19.186;;Felipe Nasr;;DPi;;Whelen Engineering Racing;Cadillac;
33;2;1;2:23.063;0;;1:24.918;0;37.040;0;21.105;0;90.6;2:23.063;08:47:23.063;1:24.918;0:37.040;0:21.105;;Jeroen Bleekemolen;0:00:41.097;GTD;;Riley Motorsports - Team AMG;Mercedes-AMG;
33;2;2;1:26.486;0;;32.582;0;33.417;0;20.487;0;149.9;3:49.549;08:48:49.549;0:32.582;0:33.417;0:20.487;;Jeroen Bleekemolen;;GTD;;Riley Motorsports - Team AMG;Mercedes-AMG;
33;2;3;1:29.336;0;;34.094;0;34.833;0;20.409;0;145.1;5:18.885;08:50:18.885;0:34.094;0:34.833;0:20.409;;Jeroen Bleekemolen;;GTD;;Riley Motorsports - Team AMG;Mercedes-AMG;
33;2;4;1:25.757;0;;32.278;0;33.040;0;20.439;0;151.2;6:44.642;08:51:44.642;0:32.278;0:33.040;0:20.439;;Jeroen Bleekemolen;;GTD;;Riley Motorsports - Team AMG;Mercedes-AMG;
33;2;5;1:31.273;0;;32.208;0;36.287;0;22.778;0;142.1;8:15.915;08:53:15.915;0:32.208;0:36.287;0:22.778;;Jeroen Bleekemolen;;GTD;;Riley Motorsports - Team AMG;Mercedes-AMG;
33;2;6;3:55.522;0;B;32.138;1;33.277;0;2:50.107;0;55.1;12:11.437;08:57:11.437;0:32.138;0:33.277;2:50.107;;Jeroen Bleekemolen;;GTD;;Riley Motorsports - Team AMG;Mercedes-AMG;
33;2;7;1:34.698;0;;38.456;0;35.204;0;21.038;0;136.9;13:46.135;08:58:46.135;0:38.456;0:35.204;0:21.038;;Jeroen Bleekemolen;0:02:41.139;GTD;;Riley Motorsports - Team AMG;Mercedes-AMG;
33;2;8;1:25.987;0;;32.460;0;33.082;0;20.445;0;150.8;15:12.122;09:00:12.122;0:32.460;0:33.082;0:20.445;;Jeroen Bleekemolen;;GTD;;Riley Motorsports - Team AMG;Mercedes-AMG;
33;2;9;4:52.609;0;B;32.248;0;33.615;0;3:46.746;0;44.3;20:04.731;09:05:04.731;0:32.248;0:33.615;3:46.746;;Jeroen Bleekemolen;;GTD;;Riley Motorsports - Team AMG;Mercedes-AMG;
33;2;10;1:34.944;0;;39.136;0;34.410;0;21.398;0;136.6;21:39.675;09:06:39.675;0:39.136;0:34.410;0:21.398;;Jeroen Bleekemolen;0:03:37.903;GTD;;Riley Motorsports - Team AMG;Mercedes-AMG;
33;2;11;1:25.764;0;;32.308;0;33.158;0;20.298;1;151.2;23:05.439;09:08:05.439;0:32.308;0:33.158;0:20.298;;Jeroen Bleekemolen;;GTD;;Riley Motorsports - Team AMG;Mercedes-AMG;
33;2;12;1:25.817;0;;32.443;0;32.968;1;20.406;0;151.1;24:31.256;09:09:31.256;0:32.443;0:32.968;0:20.406;;Jeroen Bleekemolen;;GTD;;Riley Motorsports - Team AMG;Mercedes-AMG;
33;2;13;6:22.489;0;B;32.825;0;38.064;0;5:11.600;0;33.9;30:53.745;09:15:53.745;0:32.825;0:38.064;5:11.600;;Jeroen Bleekemolen;;GTD;;Riley Motorsports - Team AMG;Mercedes-AMG;
33;1;14;1:42.921;0;;43.799;0;37.460;0;21.662;0;126.0;32:36.666;09:17:36.666;0:43.799;0:37.460;0:21.662;;Ben Keating;0:05:01.507;GTD;;Riley Motorsports - Team AMG;Mercedes-AMG;
33;1;15;1:29.461;0;;32.746;0;36.045;0;20.670;0;144.9;34:06.127;09:19:06.127;0:32.746;0:36.045;0:20.670;;Ben Keating;;GTD;;Riley Motorsports - Team AMG;Mercedes-AMG;
33;1;16;1:28.776;0;;32.976;0;34.347;0;21.453;0;146.1;35:34.903;09:20:34.903;0:32.976;0:34.347;0:21.453;;Ben Keating;;GTD;;Riley Motorsports - Team AMG;Mercedes-AMG;
33;1;17;2:20.103;0;B;33.644;0;34.943;0;1:11.516;0;92.5;37:55.006;09:22:55.006;0:33.644;0:34.943;1:11.516;;Ben Keating;;GTD;;Riley Motorsports - Team AMG;Mercedes-AMG;
33;1;18;1:34.933;0;;40.128;0;34.283;0;20.522;0;136.6;39:29.939;09:24:29.939;0:40.128;0:34.283;0:20.522;;Ben Keating;0:01:03.513;GTD;;Riley Motorsports - Team AMG;Mercedes-AMG;
33;1;19;1:25.892;0;;32.160;0;33.556;0;20.176;2;151.0;40:55.831;09:25:55.831;0:32.160;0:33.556;0:20.176;;Ben Keating;;GTD;;Riley Motorsports - Team AMG;Mercedes-AMG;
33;1;20;1:25.070;2;;31.983;2;32.862;2;20.225;0;152.4;42:20.901;09:27:20.901;0:31.983;0:32.862;0:20.225;;Ben Keating;;GTD;;Riley Motorsports - Team AMG;Mercedes-AMG;
33;1;21;1:26.342;0;;32.004;0;33.903;0;20.435;0;150.2;43:47.243;09:28:47.243;0:32.004;0:33.903;0:20.435;;Ben Keating;;GTD;;Riley Motorsports - Team AMG;Mercedes-AMG;
33;1;22;3:40.712;0;B;32.153;0;33.510;0;2:35.049;0;58.7;47:27.955;09:32:27.955;0:32.153;0:33.510;2:35.049;;Ben Keating;;GTD;;Riley Motorsports - Team AMG;Mercedes-AMG;
33;1;23;1:32.910;0;;38.432;0;34.095;0;20.383;0;139.6;49:00.865;09:34:00.865;0:38.432;0:34.095;0:20.383;;Ben Keating;0:02:27.476;GTD;;Riley Motorsports - Team AMG;Mercedes-AMG;
33;1;24;1:29.336;0;;32.610;0;36.046;0;20.680;0;145.1;50:30.201;09:35:30.201;0:32.610;0:36.046;0:20.680;;Ben Keating;;GTD;;Riley Motorsports - Team AMG;Mercedes-AMG;
33;1;25;2:29.031;0;B;32.219;0;33.440;0;1:23.372;0;87.0;52:59.232;09:37:59.232;0:32.219;0:33.440;1:23.372;;Ben Keating;;GTD;;Riley Motorsports - Team AMG;Mercedes-AMG;
33;1;26;1:32.333;0;;38.355;0;33.640;0;20.338;0;140.4;54:31.565;09:39:31.565;0:38.355;0:33.640;0:20.338;;Ben Keating;0:01:15.547;GTD;;Riley Motorsports - Team AMG;Mercedes-AMG;
33;1;27;1:26.010;0;;32.186;0;33.624;0;20.200;0;150.8;55:57.575;09:40:57.575;0:32.186;0:33.624;0:20.200;;Ben Keating;;GTD;;Riley Motorsports - Team AMG;Mercedes-AMG;
33;1;28;1:26.207;0;;32.395;0;33.515;0;20.297;0;150.4;57:23.782;09:42:23.782;0:32.395;0:33.515;0:20.297;;Ben Keating;;GTD;;Riley Motorsports - Team AMG;Mercedes-AMG;
33;1;29;1:27.356;0;;33.004;0;33.916;0;20.436;0;148.4;58:51.138;09:43:51.138;0:33.004;0:33.916;0:20.436;;Ben Keating;;GTD;;Riley Motorsports - Team AMG;Mercedes-AMG;
38;2;1;2:00.947;0;;1:05.017;0;35.592;0;20.338;0;107.2;2:00.947;08:47:00.947;1:05.017;0:35.592;0:20.338;;Kyle Masson;0:00:20.891;LMP2;;Performance Tech Motorsports;ORECA;
38;2;2;1:22.873;0;;31.592;0;31.938;0;19.343;0;156.5;3:23.820;08:48:23.820;0:31.592;0:31.938;0:19.343;;Kyle Masson;;LMP2;;Performance Tech Motorsports;ORECA;
38;2;3;1:20.641;0;;30.448;0;31.245;0;18.948;0;160.8;4:44.461;08:49:44.461;0:30.448;0:31.245;0:18.948;;Kyle Masson;;LMP2;;Performance Tech Motorsports;ORECA;
38;2;4;1:18.854;0;;29.491;0;30.602;0;18.761;0;164.4;6:03.315;08:51:03.315;0:29.491;0:30.602;0:18.761;;Kyle Masson;;LMP2;;Performance Tech Motorsports;ORECA;
38;2;5;1:18.251;2;;29.221;2;30.428;0;18.602;2;165.7;7:21.566;08:52:21.566;0:29.221;0:30.428;0:18.602;;Kyle Masson;;LMP2;;Performance Tech Motorsports;ORECA;
38;2;6;1:18.460;0;;29.404;0;30.426;2;18.630;0;165.3;8:40.026;08:53:40.026;0:29.404;0:30.426;0:18.630;;Kyle Masson;;LMP2;;Performance Tech Motorsports;ORECA;
38;2;7;6:43.375;0;B;29.262;0;30.537;0;5:43.576;0;32.1;15:23.401;09:00:23.401;0:29.262;0:30.537;5:43.576;;Kyle Masson;;LMP2;;Performance Tech Motorsports;ORECA;
38;2;8;1:26.928;0;;36.804;0;31.348;0;18.776;0;149.2;16:50.329;09:01:50.329;0:36.804;0:31.348;0:18.776;;Kyle Masson;0:05:35.835;LMP2;;Performance Tech Motorsports;ORECA;
38;2;9;1:18.983;0;;29.645;0;30.546;0;18.792;0;164.2;18:09.312;09:03:09.312;0:29.645;0:30.546;0:18.792;;Kyle Masson;;LMP2;;Performance Tech Motorsports;ORECA;
38;2;10;1:20.637;0;;29.383;0;31.958;0;19.296;0;160.8;19:29.949;09:04:29.949;0:29.383;0:31.958;0:19.296;;Kyle Masson;;LMP2;;Performance Tech Motorsports;ORECA;
38;2;11;1:34.833;0;B;30.676;0;31.638;0;32.519;0;136.7;21:04.782;09:06:04.782;0:30.676;0:31.638;0:32.519;;Kyle Masson;;LMP2;;Performance Tech Motorsports;ORECA;
38;2;12;1:33.589;0;;39.539;0;33.437;0;20.613;0;138.5;22:38.371;09:07:38.371;0:39.539;0:33.437;0:20.613;;Kyle Masson;0:00:24.666;LMP2;;Performance Tech Motorsports;ORECA;
38;2;13;1:21.642;0;;29.446;0;31.539;0;20.657;0;158.8;24:00.013;09:09:00.013;0:29.446;0:31.539;0:20.657;;Kyle Masson;;LMP2;;Performance Tech Motorsports;ORECA;
38;2;14;6:47.491;0;B;29.408;0;30.791;0;5:47.292;0;31.8;30:47.504;09:15:47.504;0:29.408;0:30.791;5:47.292;;Kyle Masson;;LMP2;;Performance Tech Motorsports;ORECA;
38;1;15;1:34.673;0;;41.595;0;33.658;0;19.420;0;137.0;32:22.177;09:17:22.177;0:41.595;0:33.658;0:19.420;;Cameron Cassels;0:05:38.478;LMP2;;Performance Tech Motorsports;ORECA;
38;1;16;1:23.235;0;;31.258;0;32.667;0;19.310;0;155.8;33:45.412;09:18:45.412;0:31.258;0:32.667;0:19.310;;Cameron Cassels;;LMP2;;Performance Tech Motorsports;ORECA;
38;1;17;1:24.460;0;;32.294;0;32.845;0;19.321;0;153.5;35:09.872;09:20:09.872;0:32.294;0:32.845;0:19.321;;Cameron Cassels;;LMP2;;Performance Tech Motorsports;ORECA;
38;1;18;1:22.018;0;;30.827;0;32.106;0;19.085;0;158.1;36:31.890;09:21:31.890;0:30.827;0:32.106;0:19.085;;Cameron Cassels;;LMP2;;Performance Tech Motorsports;ORECA;
38;1;19;1:22.519;0;;30.560;0;32.709;0;19.250;0;157.1;37:54.409;09:22:54.409;0:30.560;0:32.709;0:19.250;;Cameron Cassels;;LMP2;;Performance Tech Motorsports;ORECA;
38;1;20;1:22.853;0;;30.958;0;32.606;0;19.289;0;156.5;39:17.262;09:24:17.262;0:30.958;0:32.606;0:19.289;;Cameron Cassels;;LMP2;;Performance Tech Motorsports;ORECA;
38;1;21;1:23.241;0;;30.790;0;32.972;0;19.479;0;155.8;40:40.503;09:25:40.503;0:30.790;0:32.972;0:19.479;;Cameron Cassels;;LMP2;;Performance Tech Motorsports;ORECA;
38;1;22;1:22.409;0;;30.991;0;32.261;0;19.157;0;157.3;42:02.912;09:27:02.912;0:30.991;0:32.261;0:19.157;;Cameron Cassels;;LMP2;;Performance Tech Motorsports;ORECA;
38;1;23;1:21.354;0;;30.538;0;31.810;0;19.006;0;159.4;43:24.266;09:28:24.266;0:30.538;0:31.810;0:19.006;;Cameron Cassels;;LMP2;;Performance Tech Motorsports;ORECA;
38;1;24;1:20.986;0;;30.320;0;31.720;0;18.946;0;160.1;44:45.252;09:29:45.252;0:30.320;0:31.720;0:18.946;;Cameron Cassels;;LMP2;;Performance Tech Motorsports;ORECA;
38;1;25;1:21.787;0;;30.244;1;32.219;0;19.324;0;158.5;46:07.039;09:31:07.039;0:30.244;0:32.219;0:19.324;;Cameron Cassels;;LMP2;;Performance Tech Motorsports;ORECA;
38;1;26;1:20.702;0;;30.397;0;31.404;1;18.901;1;160.7;47:27.741;09:32:27.741;0:30.397;0:31.404;0:18.901;;Cameron Cassels;;LMP2;;Performance Tech Motorsports;ORECA;
38;1;27;1:22.656;0;;31.133;0;32.437;0;19.086;0;156.9;48:50.397;09:33:50.397;0:31.133;0:32.437;0:19.086;;Cameron Cassels;;LMP2;;Performance Tech Motorsports;ORECA;
38;1;28;1:21.020;0;;30.456;0;31.650;0;18.914;0;160.0;50:11.417;09:35:11.417;0:30.456;0:31.650;0:18.914;;Cameron Cassels;;LMP2;;Performance Tech Motorsports;ORECA;
38;1;29;1:21.224;0;;30.291;0;31.592;0;19.341;0;159.6;51:32.641;09:36:32.641;0:30.291;0:31.592;0:19.341;;Cameron Cassels;;LMP2;;Performance Tech Motorsports;ORECA;
38;1;30;1:21.313;0;;30.809;0;31.541;0;18.963;0;159.5;52:53.954;09:37:53.954;0:30.809;0:31.541;0:18.963;;Cameron Cassels;;LMP2;;Performance Tech Motorsports;ORECA;
38;1;31;1:22.835;0;;30.658;0;32.381;0;19.796;0;156.5;54:16.789;09:39:16.789;0:30.658;0:32.381;0:19.796;;Cameron Cassels;;LMP2;;Performance Tech Motorsports;ORECA;
38;1;32;1:22.514;0;;31.186;0;32.170;0;19.158;0;157.1;55:39.303;09:40:39.303;0:31.186;0:32.170;0:19.158;;Cameron Cassels;;LMP2;;Performance Tech Motorsports;ORECA;
38;1;33;1:23.120;0;;31.024;0;32.811;0;19.285;0;156.0;57:02.423;09:42:02.423;0:31.024;0:32.811;0:19.285;;Cameron Cassels;;LMP2;;Performance Tech Motorsports;ORECA;
38;1;34;1:22.049;0;;30.744;0;32.159;0;19.146;0;158.0;58:24.472;09:43:24.472;0:30.744;0:32.159;0:19.146;;Cameron Cassels;;LMP2;;Performance Tech Motorsports;ORECA;
38;1;35;1:23.623;0;;31.268;0;32.349;0;20.006;0;155.1;59:48.095;09:44:48.095;0:31.268;0:32.349;0:20.006;;Cameron Cassels;;LMP2;;Performance Tech Motorsports;ORECA;
4;1;1;2:09.404;0;;1:12.571;0;36.526;0;20.307;0;100.2;2:09.404;08:47:09.404;1:12.571;0:36.526;0:20.307;;Oliver Gavin;0:00:30.882;GTLM;;Corvette Racing;Chevrolet;
4;1;2;1:25.931;0;;32.604;0;33.534;0;19.793;0;150.9;3:35.335;08:48:35.335;0:32.604;0:33.534;0:19.793;;Oliver Gavin;;GTLM;;Corvette Racing;Chevrolet;
4;1;3;1:22.957;0;;30.964;0;32.507;0;19.486;0;156.3;4:58.292;08:49:58.292;0:30.964;0:32.507;0:19.486;;Oliver Gavin;;GTLM;;Corvette Racing;Chevrolet;
4;1;4;1:23.402;0;;31.119;0;32.638;0;19.645;0;155.5;6:21.694;08:51:21.694;0:31.119;0:32.638;0:19.645;;Oliver Gavin;;GTLM;;Corvette Racing;Chevrolet;
4;1;5;1:23.070;0;;30.796;2;32.677;0;19.597;0;156.1;7:44.764;08:52:44.764;0:30.796;0:32.677;0:19.597;;Oliver Gavin;;GTLM;;Corvette Racing;Chevrolet;
4;1;6;1:22.605;0;;30.873;0;32.188;2;19.544;0;157.0;9:07.369;08:54:07.369;0:30.873;0:32.188;0:19.544;;Oliver Gavin;;GTLM;;Corvette Racing;Chevrolet;
4;1;7;3:10.563;0;B;30.887;0;32.244;0;2:07.432;0;68.0;12:17.932;08:57:17.932;0:30.887;0:32.244;2:07.432;;Oliver Gavin;;GTLM;;Corvette Racing;Chevrolet;
4;1;8;1:38.435;0;;41.385;0;36.068;0;20.982;0;131.7;13:56.367;08:58:56.367;0:41.385;0:36.068;0:20.982;;Oliver Gavin;0:01:59.580;GTLM;;Corvette Racing;Chevrolet;
4;1;9;1:24.473;0;;31.866;0;32.942;0;19.665;0;153.5;15:20.840;09:00:20.840;0:31.866;0:32.942;0:19.665;;Oliver Gavin;;GTLM;;Corvette Racing;Chevrolet;
4;1;10;1:23.468;0;;30.986;0;32.860;0;19.622;0;155.3;16:44.308;09:01:44.308;0:30.986;0:32.860;0:19.622;;Oliver Gavin;;GTLM;;Corvette Racing;Chevrolet;
4;1;11;1:22.807;0;;30.915;0;32.432;0;19.460;0;156.6;18:07.115;09:03:07.115;0:30.915;0:32.432;0:19.460;;Oliver Gavin;;GTLM;;Corvette Racing;Chevrolet;
4;1;12;1:22.567;2;;30.844;0;32.305;0;19.418;2;157.0;19:29.682;09:04:29.682;0:30.844;0:32.305;0:19.418;;Oliver Gavin;;GTLM;;Corvette Racing;Chevrolet;
4;1;13;3:00.250;0;B;31.266;0;32.796;0;1:56.188;0;71.9;22:29.932;09:07:29.932;0:31.266;0:32.796;1:56.188;;Oliver Gavin;;GTLM;;Corvette Racing;Chevrolet;
4;2;14;1:30.764;0;;37.326;0;33.514;0;19.924;0;142.9;24:00.696;09:09:00.696;0:37.326;0:33.514;0:19.924;;Tommy Milner;0:01:48.113;GTLM;;Corvette Racing;Chevrolet;
4;2;15;1:37.605;0;B;31.459;0;33.284;0;32.862;0;132.8;25:38.301;09:10:38.301;0:31.459;0:33.284;0:32.862;;Tommy Milner;;GTLM;;Corvette Racing;Chevrolet;
4;2;16;6:19.097;0;;5:25.306;0;33.502;0;20.289;0;34.2;31:57.398;09:16:57.398;5:25.306;0:33.502;0:20.289;;Tommy Milner;0:05:12.601;GTLM;;Corvette Racing;Chevrolet;
4;2;17;1:24.039;0;;31.264;0;33.047;0;19.728;0;154.3;33:21.437;09:18:21.437;0:31.264;0:33.047;0:19.728;;Tommy Milner;;GTLM;;Corvette Racing;Chevrolet;
4;2;18;1:23.297;0;;31.170;0;32.544;0;19.583;0;155.7;34:44.734;09:19:44.734;0:31.170;0:32.544;0:19.583;;Tommy Milner;;GTLM;;Corvette Racing;Chevrolet;
4;2;19;1:23.064;0;;31.039;1;32.472;0;19.553;0;156.1;36:07.798;09:21:07.798;0:31.039;0:32.472;0:19.553;;Tommy Milner;;GTLM;;Corvette Racing;Chevrolet;
4;2;20;1:23.093;0;;31.121;0;32.451;1;19.521;1;156.0;37:30.891;09:22:30.891;0:31.121;0:32.451;0:19.521;;Tommy Milner;;GTLM;;Corvette Racing;Chevrolet;
4;2;21;1:23.503;0;;31.201;0;32.716;0;19.586;0;155.3;38:54.394;09:23:54.394;0:31.201;0:32.716;0:19.586;;Tommy Milner;;GTLM;;Corvette Racing;Chevrolet;
4;2;22;1:23.845;0;;31.252;0;32.930;0;19.663;0;154.6;40:18.239;09:25:18.239;0:31.252;0:32.930;0:19.663;;Tommy Milner;;GTLM;;Corvette Racing;Chevrolet;
4;2;23;1:23.283;0;;31.075;0;32.572;0;19.636;0;155.7;41:41.522;09:26:41.522;0:31.075;0:32.572;0:19.636;;Tommy Milner;;GTLM;;Corvette Racing;Chevrolet;
4;2;24;1:24.227;0;;31.326;0;33.195;0;19.706;0;153.9;43:05.749;09:28:05.749;0:31.326;0:33.195;0:19.706;;Tommy Milner;;GTLM;;Corvette Racing;Chevrolet;
4;2;25;1:23.768;0;;31.175;0;32.934;0;19.659;0;154.8;44:29.517;09:29:29.517;0:31.175;0:32.934;0:19.659;;Tommy Milner;;GTLM;;Corvette Racing;Chevrolet;
4;2;26;9:13.881;0;B;31.257;0;32.577;0;8:10.047;0;23.4;53:43.398;09:38:43.398;0:31.257;0:32.577;8:10.047;;Tommy Milner;;GTLM;;Corvette Racing;Chevrolet;
4;2;27;1:30.158;0;;37.420;0;33.023;0;19.715;0;143.8;55:13.556;09:40:13.556;0:37.420;0:33.023;0:19.715;;Tommy Milner;0:08:01.974;GTLM;;Corvette Racing;Chevrolet;
4;2;28;1:24.163;0;;31.408;0;32.676;0;20.079;0;154.1;56:37.719;09:41:37.719;0:31.408;0:32.676;0:20.079;;Tommy Milner;;GTLM;;Corvette Racing;Chevrolet;
4;2;29;1:24.160;0;;31.321;0;32.650;0;20.189;0;154.1;58:01.879;09:43:01.879;0:31.321;0:32.650;0:20.189;;Tommy Milner;;GTLM;;Corvette Racing;Chevrolet;
4;2;30;1:23.827;0;;31.452;0;32.691;0;19.684;0;154.7;59:25.706;09:44:25.706;0:31.452;0:32.691;0:19.684;;Tommy Milner;;GTLM;;Corvette Racing;Chevrolet;
4;2;31;1:24.607;0;;31.811;0;32.932;0;19.864;0;153.3;1:00:50.313;09:45:50.313;0:31.811;0:32.932;0:19.864;;Tommy Milner;;GTLM;;Corvette Racing;Chevrolet;
44;2;1;2:18.861;0;;1:17.947;0;38.647;0;22.267;0;93.4;2:18.861;08:47:18.861;1:17.947;0:38.647;0:22.267;;Andy Lally;0:00:35.895;GTD;;Magnus Racing;Lamborghini;
44;2;2;1:29.867;0;;34.104;0;35.135;0;20.628;0;144.3;3:48.728;08:48:48.728;0:34.104;0:35.135;0:20.628;;Andy Lally;;GTD;;Magnus Racing;Lamborghini;
44;2;3;1:25.386;0;;32.163;0;32.868;0;20.355;0;151.9;5:14.114;08:50:14.114;0:32.163;0:32.868;0:20.355;;Andy Lally;;GTD;;Magnus Racing;Lamborghini;
44;2;4;1:27.245;0;;32.358;0;33.247;0;21.640;0;148.6;6:41.359;08:51:41.359;0:32.358;0:33.247;0:21.640;;Andy Lally;;GTD;;Magnus Racing;Lamborghini;
44;2;5;1:25.355;0;;32.001;0;33.062;0;20.292;0;151.9;8:06.714;08:53:06.714;0:32.001;0:33.062;0:20.292;;Andy Lally;;GTD;;Magnus Racing;Lamborghini;
44;2;6;1:24.960;2;;31.988;2;32.779;2;20.193;2;152.6;9:31.674;08:54:31.674;0:31.988;0:32.779;0:20.193;;Andy Lally;;GTD;;Magnus Racing;Lamborghini;
44;2;7;3:08.240;0;B;32.156;0;33.414;0;2:02.670;0;68.9;12:39.914;08:57:39.914;0:32.156;0:33.414;2:02.670;;Andy Lally;;GTD;;Magnus Racing;Lamborghini;
44;1;8;1:36.410;0;;41.233;0;34.480;0;20.697;0;134.5;14:16.324;08:59:16.324;0:41.233;0:34.480;0:20.697;;John Potter;0:01:54.221;GTD;;Magnus Racing;Lamborghini;
44;1;9;1:27.807;0;;33.511;0;33.716;0;20.580;1;147.7;15:44.131;09:00:44.131;0:33.511;0:33.716;0:20.580;;John Potter;;GTD;;Magnus Racing;Lamborghini;
44;1;10;1:27.820;0;;32.855;0;33.984;0;20.981;0;147.6;17:11.951;09:02:11.951;0:32.855;0:33.984;0:20.981;;John Potter;;GTD;;Magnus Racing;Lamborghini;
44;1;11;1:26.945;0;;32.563;0;33.656;1;20.726;0;149.1;18:38.896;09:03:38.896;0:32.563;0:33.656;0:20.726;;John Potter;;GTD;;Magnus Racing;Lamborghini;
44;1;12;1:27.067;0;;32.684;0;33.781;0;20.602;0;148.9;20:05.963;09:05:05.963;0:32.684;0:33.781;0:20.602;;John Potter;;GTD;;Magnus Racing;Lamborghini;
44;1;13;1:27.214;0;;32.619;0;33.998;0;20.597;0;148.7;21:33.177;09:06:33.177;0:32.619;0:33.998;0:20.597;;John Potter;;GTD;;Magnus Racing;Lamborghini;
44;1;14;1:27.314;0;;32.709;0;33.934;0;20.671;0;148.5;23:00.491;09:08:00.491;0:32.709;0:33.934;0:20.671;;John Potter;;GTD;;Magnus Racing;Lamborghini;
44;1;15;1:27.217;0;;32.560;1;33.911;0;20.746;0;148.7;24:27.708;09:09:27.708;0:32.560;0:33.911;0:20.746;;John Potter;;GTD;;Magnus Racing;Lamborghini;
44;1;16;6:20.333;0;B;33.655;0;39.520;0;5:07.158;0;34.1;30:48.041;09:15:48.041;0:33.655;0:39.520;5:07.158;;John Potter;;GTD;;Magnus Racing;Lamborghini;
44;2;17;1:39.649;0;;42.717;0;36.091;0;20.841;0;130.1;32:27.690;09:17:27.690;0:42.717;0:36.091;0:20.841;;Andy Lally;0:04:57.348;GTD;;Magnus Racing;Lamborghini;
44;2;18;1:28.088;0;;32.692;0;33.518;0;21.878;0;147.2;33:55.778;09:18:55.778;0:32.692;0:33.518;0:21.878;;Andy Lally;;GTD;;Magnus Racing;Lamborghini;
44;2;19;1:26.619;0;;32.537;0;33.474;0;20.608;0;149.7;35:22.397;09:20:22.397;0:32.537;0:33.474;0:20.608;;Andy Lally;;GTD;;Magnus Racing;Lamborghini;
44;2;20;1:26.393;0;;32.590;0;33.264;0;20.539;0;150.1;36:48.790;09:21:48.790;0:32.590;0:33.264;0:20.539;;Andy Lally;;GTD;;Magnus Racing;Lamborghini;
44;2;21;1:26.488;0;;32.573;0;33.293;0;20.622;0;149.9;38:15.278;09:23:15.278;0:32.573;0:33.293;0:20.622;;Andy Lally;;GTD;;Magnus Racing;Lamborghini;
48;2;1;2:27.434;0;;1:27.505;0;38.213;0;21.716;0;87.9;2:27.434;08:47:27.434;1:27.505;0:38.213;0:21.716;;Corey Lewis;0:00:43.806;GTD;;Paul Miller Racing;Lamborghini;
48;2;2;1:29.339;0;;33.610;0;34.897;0;20.832;0;145.1;3:56.773;08:48:56.773;0:33.610;0:34.897;0:20.832;;Corey Lewis;;GTD;;Paul Miller Racing;Lamborghini;
48;2;3;1:27.939;0;;32.927;0;34.433;0;20.579;0;147.4;5:24.712;08:50:24.712;0:32.927;0:34.433;0:20.579;;Corey Lewis;;GTD;;Paul Miller Racing;Lamborghini;
48;2;4;1:27.614;0;;32.859;0;34.157;0;20.598;0;148.0;6:52.326;08:51:52.326;0:32.859;0:34.157;0:20.598;;Corey Lewis;;GTD;;Paul Miller Racing;Lamborghini;
48;2;5;1:28.798;0;;32.764;0;35.126;0;20.908;0;146.0;8:21.124;08:53:21.124;0:32.764;0:35.126;0:20.908;;Corey Lewis;;GTD;;Paul Miller Racing;Lamborghini;
48;2;6;1:27.883;0;;32.961;0;34.210;0;20.712;0;147.5;9:49.007;08:54:49.007;0:32.961;0:34.210;0:20.712;;Corey Lewis;;GTD;;Paul Miller Racing;Lamborghini;
48;2;7;2:25.383;0;B;32.937;0;34.460;0;1:17.986;0;89.2;12:14.390;08:57:14.390;0:32.937;0:34.460;1:17.986;;Corey Lewis;;GTD;;Paul Miller Racing;Lamborghini;
48;2;8;1:36.097;0;;40.216;0;35.412;0;20.469;0;134.9;13:50.487;08:58:50.487;0:40.216;0:35.412;0:20.469;;Corey Lewis;0:01:08.791;GTD;;Paul Miller Racing;Lamborghini;
48;2;9;1:25.627;0;;32.087;0;33.347;0;20.193;0;151.4;15:16.114;09:00:16.114;0:32.087;0:33.347;0:20.193;;Corey Lewis;;GTD;;Paul Miller Racing;Lamborghini;
48;2;10;1:24.956;0;;31.843;0;33.010;0;20.103;2;152.6;16:41.070;09:01:41.070;0:31.843;0:33.010;0:20.103;;Corey Lewis;;GTD;;Paul Miller Racing;Lamborghini;
48;2;11;1:24.720;2;;31.721;0;32.885;2;20.114;0;153.0;18:05.790;09:03:05.790;0:31.721;0:32.885;0:20.114;;Corey Lewis;;GTD;;Paul Miller Racing;Lamborghini;
48;2;12;3:14.149;0;B;31.671;2;34.337;0;2:08.141;0;66.8;21:19.939;09:06:19.939;0:31.671;0:34.337;2:08.141;;Corey Lewis;;GTD;;Paul Miller Racing;Lamborghini;
48;1;13;1:29.877;0;;36.717;0;32.927;1;20.233;0;144.3;22:49.816;09:07:49.816;0:36.717;0:32.927;0:20.233;;Bryan Sellers;0:01:59.818;GTD;;Paul Miller Racing;Lamborghini;
48;1;14;1:24.935;0;;31.790;1;33.026;0;20.119;1;152.7;24:14.751;09:09:14.751;0:31.790;0:33.026;0:20.119;;Bryan Sellers;;GTD;;Paul Miller Racing;Lamborghini;
48;1;15;6:42.122;0;B;31.920;0;34.386;0;5:35.816;0;32.2;30:56.873;09:15:56.873;0:31.920;0:34.386;5:35.816;;Bryan Sellers;;GTD;;Paul Miller Racing;Lamborghini;
48;1;16;1:40.955;0;;43.020;0;37.631;0;20.304;0;128.4;32:37.828;09:17:37.828;0:43.020;0:37.631;0:20.304;;Bryan Sellers;0:05:26.573;GTD;;Paul Miller Racing;Lamborghini;
48;1;17;1:26.293;0;;32.081;0;33.928;0;20.284;0;150.3;34:04.121;09:19:04.121;0:32.081;0:33.928;0:20.284;;Bryan Sellers;;GTD;;Paul Miller Racing;Lamborghini;
48;1;18;1:25.080;0;;31.931;0;32.981;0;20.168;0;152.4;35:29.201;09:20:29.201;0:31.931;0:32.981;0:20.168;;Bryan Sellers;;GTD;;Paul Miller Racing;Lamborghini;
48;1;19;1:25.131;0;;31.835;0;33.082;0;20.214;0;152.3;36:54.332;09:21:54.332;0:31.835;0:33.082;0:20.214;;Bryan Sellers;;GTD;;Paul Miller Racing;Lamborghini;
48;1;20;4:42.454;0;B;32.017;0;33.984;0;3:36.453;0;45.9;41:36.786;09:26:36.786;0:32.017;0:33.984;3:36.453;;Bryan Sellers;;GTD;;Paul Miller Racing;Lamborghini;
48;1;21;1:32.959;0;;37.421;0;34.886;0;20.652;0;139.5;43:09.745;09:28:09.745;0:37.421;0:34.886;0:20.652;;Bryan Sellers;0:03:27.764;GTD;;Paul Miller Racing;Lamborghini;
48;1;22;1:25.766;0;;32.094;0;33.412;0;20.260;0;151.2;44:35.511;09:29:35.511;0:32.094;0:33.412;0:20.260;;Bryan Sellers;;GTD;;Paul Miller Racing;Lamborghini;
48;1;23;1:25.364;0;;31.954;0;33.193;0;20.217;0;151.9;46:00.875;09:31:00.875;0:31.954;0:33.193;0:20.217;;Bryan Sellers;;GTD;;Paul Miller Racing;Lamborghini;
48;1;24;4:42.011;0;B;32.368;0;33.720;0;3:35.923;0;46.0;50:42.886;09:35:42.886;0:32.368;0:33.720;3:35.923;;Bryan Sellers;;GTD;;Paul Miller Racing;Lamborghini;
48;1;25;1:30.360;0;;36.671;0;33.344;0;20.345;0;143.5;52:13.246;09:37:13.246;0:36.671;0:33.344;0:20.345;;Bryan Sellers;0:03:27.407;GTD;;Paul Miller Racing;Lamborghini;
48;1;26;1:26.043;0;;32.259;0;33.402;0;20.382;0;150.7;53:39.289;09:38:39.289;0:32.259;0:33.402;0:20.382;;Bryan Sellers;;GTD;;Paul Miller Racing;Lamborghini;
48;1;27;1:26.467;0;;32.459;0;33.445;0;20.563;0;150.0;55:05.756;09:40:05.756;0:32.459;0:33.445;0:20.563;;Bryan Sellers;;GTD;;Paul Miller Racing;Lamborghini;
48;1;28;1:25.896;0;;32.281;0;33.302;0;20.313;0;151.0;56:31.652;09:41:31.652;0:32.281;0:33.302;0:20.313;;Bryan Sellers;;GTD;;Paul Miller Racing;Lamborghini;
48;1;29;1:26.574;0;;32.360;0;33.769;0;20.445;0;149.8;57:58.226;09:42:58.226;0:32.360;0:33.769;0:20.445;;Bryan Sellers;;GTD;;Paul Miller Racing;Lamborghini;
48;1;30;1:26.927;0;;32.405;0;33.946;0;20.576;0;149.2;59:25.153;09:44:25.153;0:32.405;0:33.946;0:20.576;;Bryan Sellers;;GTD;;Paul Miller Racing;Lamborghini;
48;1;31;1:27.460;0;;32.335;0;34.414;0;20.711;0;148.3;1:00:52.613;09:45:52.613;0:32.335;0:34.414;0:20.711;;Bryan Sellers;;GTD;;Paul Miller Racing;Lamborghini;
5;1;1;1:46.754;0;;49.021;0;36.208;0;21.525;0;121.5;1:46.754;08:46:46.754;0:49.021;0:36.208;0:21.525;;Joao Barbosa;0:00:11.194;DPi;;Mustang Sampling Racing;Cadillac;
5;1;2;1:19.053;0;;29.907;0;30.749;0;18.397;0;164.0;3:05.807;08:48:05.807;0:29.907;0:30.749;0:18.397;;Joao Barbosa;;DPi;;Mustang Sampling Racing;Cadillac;
5;1;3;1:17.030;0;;29.163;0;29.521;0;18.346;0;168.3;4:22.837;08:49:22.837;0:29.163;0:29.521;0:18.346;;Joao Barbosa;;DPi;;Mustang Sampling Racing;Cadillac;
5;1;4;1:16.322;0;;28.796;1;29.206;2;18.320;0;169.9;5:39.159;08:50:39.159;0:28.796;0:29.206;0:18.320;;Joao Barbosa;;DPi;;Mustang Sampling Racing;Cadillac;
5;1;5;1:16.325;0;;28.847;0;29.298;0;18.180;1;169.9;6:55.484;08:51:55.484;0:28.847;0:29.298;0:18.180;;Joao Barbosa;;DPi;;Mustang Sampling Racing;Cadillac;
5;1;6;1:18.764;0;;29.409;0;30.779;0;18.576;0;164.6;8:14.248;08:53:14.248;0:29.409;0:30.779;0:18.576;;Joao Barbosa;;DPi;;Mustang Sampling Racing;Cadillac;
5;1;7;1:17.623;0;;29.351;0;29.655;0;18.617;0;167.0;9:31.871;08:54:31.871;0:29.351;0:29.655;0:18.617;;Joao Barbosa;;DPi;;Mustang Sampling Racing;Cadillac;
5;1;8;1:16.610;0;;28.877;0;29.397;0;18.336;0;169.2;10:48.481;08:55:48.481;0:28.877;0:29.397;0:18.336;;Joao Barbosa;;DPi;;Mustang Sampling Racing;Cadillac;
5;1;9;1:16.980;0;;29.020;0;29.562;0;18.398;0;168.4;12:05.461;08:57:05.461;0:29.020;0:29.562;0:18.398;;Joao Barbosa;;DPi;;Mustang Sampling Racing;Cadillac;
5;1;10;1:18.414;0;;29.389;0;30.606;0;18.419;0;165.4;13:23.875;08:58:23.875;0:29.389;0:30.606;0:18.419;;Joao Barbosa;;DPi;;Mustang Sampling Racing;Cadillac;
5;1;11;5:38.498;0;B;34.919;0;48.573;0;4:15.006;0;38.3;19:02.373;09:04:02.373;0:34.919;0:48.573;4:15.006;;Joao Barbosa;;DPi;;Mustang Sampling Racing;Cadillac;
5;2;12;1:34.474;0;;39.544;0;35.486;0;19.444;0;137.2;20:36.847;09:05:36.847;0:39.544;0:35.486;0:19.444;;Filipe Albuquerque;0:04:02.260;DPi;;Mustang Sampling Racing;Cadillac;
5;2;13;1:28.511;0;;29.739;0;30.517;0;28.255;0;146.5;22:05.358;09:07:05.358;0:29.739;0:30.517;0:28.255;;Filipe Albuquerque;;DPi;;Mustang Sampling Racing;Cadillac;
5;2;14;1:23.110;0;;28.941;0;29.584;0;24.585;0;156.0;23:28.468;09:08:28.468;0:28.941;0:29.584;0:24.585;;Filipe Albuquerque;;DPi;;Mustang Sampling Racing;Cadillac;
5;2;15;1:17.111;0;;28.806;0;29.651;0;18.654;0;168.1;24:45.579;09:09:45.579;0:28.806;0:29.651;0:18.654;;Filipe Albuquerque;;DPi;;Mustang Sampling Racing;Cadillac;
5;2;16;6:58.231;0;B;31.562;0;40.295;0;5:46.374;0;31.0;31:43.810;09:16:43.810;0:31.562;0:40.295;5:46.374;;Filipe Albuquerque;;DPi;;Mustang Sampling Racing;Cadillac;
5;2;17;1:25.624;0;;34.911;0;30.976;0;19.737;0;151.4;33:09.434;09:18:09.434;0:34.911;0:30.976;0:19.737;;Filipe Albuquerque;0:05:36.206;DPi;;Mustang Sampling Racing;Cadillac;
5;2;18;1:18.388;0;;28.879;0;29.976;0;19.533;0;165.4;34:27.822;09:19:27.822;0:28.879;0:29.976;0:19.533;;Filipe Albuquerque;;DPi;;Mustang Sampling Racing;Cadillac;
5;2;19;1:16.917;0;;28.854;0;29.622;0;18.441;0;168.6;35:44.739;09:20:44.739;0:28.854;0:29.622;0:18.441;;Filipe Albuquerque;;DPi;;Mustang Sampling Racing;Cadillac;
5;2;20;7:51.873;0;B;29.431;0;30.609;0;6:51.833;0;27.5;43:36.612;09:28:36.612;0:29.431;0:30.609;6:51.833;;Filipe Albuquerque;;DPi;;Mustang Sampling Racing;Cadillac;
5;2;21;1:30.749;0;;39.394;0;32.202;0;19.153;0;142.9;45:07.361;09:30:07.361;0:39.394;0:32.202;0:19.153;;Filipe Albuquerque;0:06:44.124;DPi;;Mustang Sampling Racing;Cadillac;
5;2;22;1:22.768;0;;29.125;0;30.076;0;23.567;0;156.7;46:30.129;09:31:30.129;0:29.125;0:30.076;0:23.567;;Filipe Albuquerque;;DPi;;Mustang Sampling Racing;Cadillac;
5;2;23;1:17.046;0;;28.932;0;29.446;0;18.668;0;168.3;47:47.175;09:32:47.175;0:28.932;0:29.446;0:18.668;;Filipe Albuquerque;;DPi;;Mustang Sampling Racing;Cadillac;
5;2;24;1:16.673;0;;28.853;0;29.618;0;18.202;0;169.1;49:03.848;09:34:03.848;0:28.853;0:29.618;0:18.202;;Filipe Albuquerque;;DPi;;Mustang Sampling Racing;Cadillac;
5;2;25;1:21.206;0;;30.074;0;32.427;0;18.705;0;159.7;50:25.054;09:35:25.054;0:30.074;0:32.427;0:18.705;;Filipe Albuquerque;;DPi;;Mustang Sampling Racing;Cadillac;
5;2;26;1:16.194;2;;28.769;0;29.312;1;18.113;2;170.2;51:41.248;09:36:41.248;0:28.769;0:29.312;0:18.113;;Filipe Albuquerque;;DPi;;Mustang Sampling Racing;Cadillac;
5;2;27;1:16.656;0;;28.699;2;29.695;0;18.262;0;169.1;52:57.904;09:37:57.904;0:28.699;0:29.695;0:18.262;;Filipe Albuquerque;;DPi;;Mustang Sampling Racing;Cadillac;
5;2;28;4:44.183;0;B;29.073;0;31.894;0;3:43.216;0;45.6;57:42.087;09:42:42.087;0:29.073;0:31.894;3:43.216;;Filipe Albuquerque;;DPi;;Mustang Sampling Racing;Cadillac;
5;2;29;1:29.408;0;;35.124;0;30.303;0;23.981;0;145.0;59:11.495;09:44:11.495;0:35.124;0:30.303;0:23.981;;Filipe Albuquerque;0:03:35.123;DPi;;Mustang Sampling Racing;Cadillac;
5;2;30;1:17.166;0;;28.750;0;29.812;0;18.604;0;168.0;1:00:28.661;09:45:28.661;0:28.750;0:29.812;0:18.604;;Filipe Albuquerque;;DPi;;Mustang Sampling Racing;Cadillac;
52;2;1;2:07.481;0;;1:10.034;0;36.037;0;21.410;0;101.7;2:07.481;08:47:07.481;1:10.034;0:36.037;0:21.410;;Dalton Kellett;0:00:28.146;LMP2;;PR1 Mathiasen Motorsports;ORECA;
52;2;2;1:24.126;0;;31.289;0;32.633;0;20.204;0;154.1;3:31.607;08:48:31.607;0:31.289;0:32.633;0:20.204;;Dalton Kellett;;LMP2;;PR1 Mathiasen Motorsports;ORECA;
52;2;3;1:20.943;0;;30.025;0;31.976;0;18.942;0;160.2;4:52.550;08:49:52.550;0:30.025;0:31.976;0:18.942;;Dalton Kellett;;LMP2;;PR1 Mathiasen Motorsports;ORECA;
52;2;4;1:22.353;0;;30.962;0;31.673;0;19.718;0;157.4;6:14.903;08:51:14.903;0:30.962;0:31.673;0:19.718;;Dalton Kellett;;LMP2;;PR1 Mathiasen Motorsports;ORECA;
52;2;5;1:19.907;0;;29.841;0;30.997;0;19.069;0;162.3;7:34.810;08:52:34.810;0:29.841;0:30.997;0:19.069;;Dalton Kellett;;LMP2;;PR1 Mathiasen Motorsports;ORECA;
52;2;6;1:20.852;0;;29.921;0;31.471;0;19.460;0;160.4;8:55.662;08:53:55.662;0:29.921;0:31.471;0:19.460;;Dalton Kellett;;LMP2;;PR1 Mathiasen Motorsports;ORECA;
52;2;7;1:21.550;0;;29.926;0;32.195;0;19.429;0;159.0;10:17.212;08:55:17.212;0:29.926;0:32.195;0:19.429;;Dalton Kellett;;LMP2;;PR1 Mathiasen Motorsports;ORECA;
52;2;8;1:21.039;0;;29.952;0;31.653;0;19.434;0;160.0;11:38.251;08:56:38.251;0:29.952;0:31.653;0:19.434;;Dalton Kellett;;LMP2;;PR1 Mathiasen Motorsports;ORECA;
52;2;9;1:19.506;0;;29.377;1;30.923;1;19.206;0;163.1;12:57.757;08:57:57.757;0:29.377;0:30.923;0:19.206;;Dalton Kellett;;LMP2;;PR1 Mathiasen Motorsports;ORECA;
52;2;10;1:19.834;0;;29.736;0;31.162;0;18.936;1;162.4;14:17.591;08:59:17.591;0:29.736;0:31.162;0:18.936;;Dalton Kellett;;LMP2;;PR1 Mathiasen Motorsports;ORECA;
52;2;11;5:00.166;0;B;30.425;0;31.387;0;3:58.354;0;43.2;19:17.757;09:04:17.757;0:30.425;0:31.387;3:58.354;;Dalton Kellett;;LMP2;;PR1 Mathiasen Motorsports;ORECA;
52;2;12;1:33.533;0;;40.514;0;32.868;0;20.151;0;138.6;20:51.290;09:05:51.290;0:40.514;0:32.868;0:20.151;;Dalton Kellett;0:03:48.828;LMP2;;PR1 Mathiasen Motorsports;ORECA;
52;2;13;1:21.590;0;;30.004;0;31.970;0;19.616;0;158.9;22:12.880;09:07:12.880;0:30.004;0:31.970;0:19.616;;Dalton Kellett;;LMP2;;PR1 Mathiasen Motorsports;ORECA;
52;2;14;1:21.354;0;;30.164;0;31.967;0;19.223;0;159.4;23:34.234;09:08:34.234;0:30.164;0:31.967;0:19.223;;Dalton Kellett;;LMP2;;PR1 Mathiasen Motorsports;ORECA;
52;2;15;1:20.041;0;;29.738;0;31.403;0;18.900;0;162.0;24:54.275;09:09:54.275;0:29.738;0:31.403;0:18.900;;Dalton Kellett;;LMP2;;PR1 Mathiasen Motorsports;ORECA;
52;2;16;7:11.664;0;B;29.892;0;36.302;0;6:05.470;0;30.0;32:05.939;09:17:05.939;0:29.892;0:36.302;6:05.470;;Dalton Kellett;;LMP2;;PR1 Mathiasen Motorsports;ORECA;
52;1;17;1:31.630;0;;39.367;0;32.748;0;19.515;0;141.5;33:37.569;09:18:37.569;0:39.367;0:32.748;0:19.515;;Matthew McMurry;0:05:54.351;LMP2;;PR1 Mathiasen Motorsports;ORECA;
52;1;18;1:22.000;0;;30.200;0;32.447;0;19.353;0;158.1;34:59.569;09:19:59.569;0:30.200;0:32.447;0:19.353;;Matthew McMurry;;LMP2;;PR1 Mathiasen Motorsports;ORECA;
52;1;19;1:20.860;0;;30.217;0;31.428;0;19.215;0;160.4;36:20.429;09:21:20.429;0:30.217;0:31.428;0:19.215;;Matthew McMurry;;LMP2;;PR1 Mathiasen Motorsports;ORECA;
52;1;20;1:20.696;0;;29.886;0;31.523;0;19.287;0;160.7;37:41.125;09:22:41.125;0:29.886;0:31.523;0:19.287;;Matthew McMurry;;LMP2;;PR1 Mathiasen Motorsports;ORECA;
52;1;21;3:16.688;0;B;31.385;0;32.137;0;2:13.166;0;65.9;40:57.813;09:25:57.813;0:31.385;0:32.137;2:13.166;;Matthew McMurry;;LMP2;;PR1 Mathiasen Motorsports;ORECA;
52;1;22;1:33.671;0;;40.711;0;33.331;0;19.629;0;138.4;42:31.484;09:27:31.484;0:40.711;0:33.331;0:19.629;;Matthew McMurry;0:02:03.934;LMP2;;PR1 Mathiasen Motorsports;ORECA;
52;1;23;1:21.162;0;;30.438;0;31.684;0;19.040;0;159.8;43:52.646;09:28:52.646;0:30.438;0:31.684;0:19.040;;Matthew McMurry;;LMP2;;PR1 Mathiasen Motorsports;ORECA;
52;1;24;1:21.076;0;;30.355;0;31.791;0;18.930;0;159.9;45:13.722;09:30:13.722;0:30.355;0:31.791;0:18.930;;Matthew McMurry;;LMP2;;PR1 Mathiasen Motorsports;ORECA;
52;1;25;1:20.219;0;;30.532;0;30.785;0;18.902;0;161.6;46:33.941;09:31:33.941;0:30.532;0:30.785;0:18.902;;Matthew McMurry;;LMP2;;PR1 Mathiasen Motorsports;ORECA;
52;1;26;1:19.259;0;;29.820;0;30.651;2;18.788;2;163.6;47:53.200;09:32:53.200;0:29.820;0:30.651;0:18.788;;Matthew McMurry;;LMP2;;PR1 Mathiasen Motorsports;ORECA;
52;1;27;1:19.085;2;;29.339;2;30.842;0;18.904;0;164.0;49:12.285;09:34:12.285;0:29.339;0:30.842;0:18.904;;Matthew McMurry;;LMP2;;PR1 Mathiasen Motorsports;ORECA;
52;1;28;5:32.056;0;B;29.946;0;30.810;0;4:31.300;0;39.0;54:44.341;09:39:44.341;0:29.946;0:30.810;4:31.300;;Matthew McMurry;;LMP2;;PR1 Mathiasen Motorsports;ORECA;
52;1;29;1:29.541;0;;38.601;0;31.829;0;19.111;0;144.8;56:13.882;09:41:13.882;0:38.601;0:31.829;0:19.111;;Matthew McMurry;0:04:22.207;LMP2;;PR1 Mathiasen Motorsports;ORECA;
52;1;30;1:19.781;0;;29.936;0;30.817;0;19.028;0;162.5;57:33.663;09:42:33.663;0:29.936;0:30.817;0:19.028;;Matthew McMurry;;LMP2;;PR1 Mathiasen Motorsports;ORECA;
52;1;31;1:23.346;0;;31.186;0;32.706;0;19.454;0;155.6;58:57.009;09:43:57.009;0:31.186;0:32.706;0:19.454;;Matthew McMurry;;LMP2;;PR1 Mathiasen Motorsports;ORECA;
52;1;32;1:20.175;0;;29.498;0;31.293;0;19.384;0;161.7;1:00:17.184;09:45:17.184;0:29.498;0:31.293;0:19.384;;Matthew McMurry;;LMP2;;PR1 Mathiasen Motorsports;ORECA;
54;2;1;2:56.136;0;B;1:19.021;0;35.512;0;1:01.603;0;73.6;2:56.136;08:47:56.136;1:19.021;0:35.512;1:01.603;;Colin Braun;0:00:37.645;DPi;;CORE autosport;Nissan;
54;2;2;1:31.431;0;;38.936;0;33.273;0;19.222;0;141.8;4:27.567;08:49:27.567;0:38.936;0:33.273;0:19.222;;Colin Braun;0:00:52.674;DPi;;CORE autosport;Nissan;
54;2;3;1:17.999;0;;29.376;0;30.273;0;18.350;0;166.2;5:45.566;08:50:45.566;0:29.376;0:30.273;0:18.350;;Colin Braun;;DPi;;CORE autosport;Nissan;
54;2;4;1:16.460;2;;28.654;0;29.570;2;18.236;0;169.6;7:02.026;08:52:02.026;0:28.654;0:29.570;0:18.236;;Colin Braun;;DPi;;CORE autosport;Nissan;
54;2;5;5:10.275;0;B;29.077;0;29.850;0;4:11.348;0;41.8;12:12.301;08:57:12.301;0:29.077;0:29.850;4:11.348;;Colin Braun;;DPi;;CORE autosport;Nissan;
54;2;6;1:28.620;0;;35.401;0;34.888;0;18.331;0;146.3;13:40.921;08:58:40.921;0:35.401;0:34.888;0:18.331;;Colin Braun;0:04:02.725;DPi;;CORE autosport;Nissan;
54;2;7;1:17.104;0;;28.497;2;30.104;0;18.503;0;168.2;14:58.025;08:59:58.025;0:28.497;0:30.104;0:18.503;;Colin Braun;;DPi;;CORE autosport;Nissan;
54;2;8;1:16.536;0;;28.708;0;29.763;0;18.065;2;169.4;16:14.561;09:01:14.561;0:28.708;0:29.763;0:18.065;;Colin Braun;;DPi;;CORE autosport;Nissan;
54;2;9;7:56.683;0;B;29.467;0;30.439;0;6:56.777;0;27.2;24:11.244;09:09:11.244;0:29.467;0:30.439;6:56.777;;Colin Braun;;DPi;;CORE autosport;Nissan;
54;2;10;1:42.969;0;B;35.083;0;31.439;0;36.447;0;125.9;25:54.213;09:10:54.213;0:35.083;0:31.439;0:36.447;;Colin Braun;0:06:48.605;DPi;;CORE autosport;Nissan;
54;2;11;6:00.770;0;;5:09.157;0;32.096;0;19.517;0;35.9;31:54.983;09:16:54.983;5:09.157;0:32.096;0:19.517;;Colin Braun;0:04:59.977;DPi;;CORE autosport;Nissan;
54;2;12;6:20.229;0;B;28.815;0;30.309;0;5:21.105;0;34.1;38:15.212;09:23:15.212;0:28.815;0:30.309;5:21.105;;Colin Braun;;DPi;;CORE autosport;Nissan;
54;2;13;1:24.072;0;;34.672;0;30.966;0;18.434;0;154.2;39:39.284;09:24:39.284;0:34.672;0:30.966;0:18.434;;Colin Braun;0:05:13.167;DPi;;CORE autosport;Nissan;
54;2;14;3:42.674;0;B;28.870;0;30.483;0;2:43.321;0;58.2;43:21.958;09:28:21.958;0:28.870;0:30.483;2:43.321;;Colin Braun;;DPi;;CORE autosport;Nissan;
54;1;15;1:39.565;0;;43.736;0;35.396;0;20.433;0;130.2;45:01.523;09:30:01.523;0:43.736;0:35.396;0:20.433;;Jonathan Bennett;0:02:35.775;DPi;;CORE autosport;Nissan;
54;1;16;1:21.700;0;;30.962;0;31.781;0;18.957;0;158.7;46:23.223;09:31:23.223;0:30.962;0:31.781;0:18.957;;Jonathan Bennett;;DPi;;CORE autosport;Nissan;
54;1;17;1:20.147;0;;29.948;0;31.359;0;18.840;0;161.8;47:43.370;09:32:43.370;0:29.948;0:31.359;0:18.840;;Jonathan Bennett;;DPi;;CORE autosport;Nissan;
54;1;18;1:19.803;0;;29.818;0;31.284;0;18.701;0;162.5;49:03.173;09:34:03.173;0:29.818;0:31.284;0:18.701;;Jonathan Bennett;;DPi;;CORE autosport;Nissan;
54;1;19;1:22.722;0;;30.453;0;33.130;0;19.139;0;156.7;50:25.895;09:35:25.895;0:30.453;0:33.130;0:19.139;;Jonathan Bennett;;DPi;;CORE autosport;Nissan;
54;1;20;1:19.104;0;;29.419;0;30.973;0;18.712;0;163.9;51:44.999;09:36:44.999;0:29.419;0:30.973;0:18.712;;Jonathan Bennett;;DPi;;CORE autosport;Nissan;
54;1;21;1:20.476;0;;30.107;0;31.489;0;18.880;0;161.1;53:05.475;09:38:05.475;0:30.107;0:31.489;0:18.880;;Jonathan Bennett;;DPi;;CORE autosport;Nissan;
54;1;22;1:18.601;0;;29.458;0;30.633;1;18.510;0;165.0;54:24.076;09:39:24.076;0:29.458;0:30.633;0:18.510;;Jonathan Bennett;;DPi;;CORE autosport;Nissan;
54;1;23;1:18.769;0;;29.308;1;30.963;0;18.498;1;164.6;55:42.845;09:40:42.845;0:29.308;0:30.963;0:18.498;;Jonathan Bennett;;DPi;;CORE autosport;Nissan;
54;1;24;1:20.722;0;;29.502;0;31.382;0;19.838;0;160.6;57:03.567;09:42:03.567;0:29.502;0:31.382;0:19.838;;Jonathan Bennett;;DPi;;CORE autosport;Nissan;
54;1;25;1:21.056;0;;29.809;0;32.414;0;18.833;0;160.0;58:24.623;09:43:24.623;0:29.809;0:32.414;0:18.833;;Jonathan Bennett;;DPi;;CORE autosport;Nissan;
54;1;26;1:19.260;0;;29.754;0;30.882;0;18.624;0;163.6;59:43.883;09:44:43.883;0:29.754;0:30.882;0:18.624;;Jonathan Bennett;;DPi;;CORE autosport;Nissan;
55;2;1;1:59.195;0;;1:03.200;0;35.580;0;20.415;0;108.8;1:59.195;08:46:59.195;1:03.200;0:35.580;0:20.415;;Harry Tincknell;0:00:17.705;DPi;;Mazda Team Joest;Mazda;
55;2;2;1:23.560;0;;31.041;0;31.780;0;20.739;0;155.2;3:22.755;08:48:22.755;0:31.041;0:31.780;0:20.739;;Harry Tincknell;;DPi;;Mazda Team Joest;Mazda;
55;2;3;1:19.812;0;;28.836;0;30.084;0;20.892;0;162.5;4:42.567;08:49:42.567;0:28.836;0:30.084;0:20.892;;Harry Tincknell;;DPi;;Mazda Team Joest;Mazda;
55;2;4;1:16.789;0;;28.651;1;29.556;0;18.582;0;168.9;5:59.356;08:50:59.356;0:28.651;0:29.556;0:18.582;;Harry Tincknell;;DPi;;Mazda Team Joest;Mazda;
55;2;5;1:16.556;0;;28.688;0;29.407;0;18.461;0;169.4;7:15.912;08:52:15.912;0:28.688;0:29.407;0:18.461;;Harry Tincknell;;DPi;;Mazda Team Joest;Mazda;
55;2;6;1:19.194;0;;29.192;0;31.170;0;18.832;0;163.7;8:35.106;08:53:35.106;0:29.192;0:31.170;0:18.832;;Harry Tincknell;;DPi;;Mazda Team Joest;Mazda;
55;2;7;1:17.299;0;;28.667;0;29.913;0;18.719;0;167.7;9:52.405;08:54:52.405;0:28.667;0:29.913;0:18.719;;Harry Tincknell;;DPi;;Mazda Team Joest;Mazda;
55;2;8;1:16.850;0;;29.015;0;29.564;0;18.271;1;168.7;11:09.255;08:56:09.255;0:29.015;0:29.564;0:18.271;;Harry Tincknell;;DPi;;Mazda Team Joest;Mazda;
55;2;9;1:16.296;2;;28.714;0;29.309;2;18.273;0;169.9;12:25.551;08:57:25.551;0:28.714;0:29.309;0:18.273;;Harry Tincknell;;DPi;;Mazda Team Joest;Mazda;
55;2;10;6:58.337;0;B;28.957;0;30.787;0;5:58.593;0;31.0;19:23.888;09:04:23.888;0:28.957;0:30.787;5:58.593;;Harry Tincknell;;DPi;;Mazda Team Joest;Mazda;
55;2;11;1:24.812;0;;35.242;0;31.206;0;18.364;0;152.9;20:48.700;09:05:48.700;0:35.242;0:31.206;0:18.364;;Harry Tincknell;0:05:51.059;DPi;;Mazda Team Joest;Mazda;
55;2;12;1:18.534;0;;29.474;0;30.081;0;18.979;0;165.1;22:07.234;09:07:07.234;0:29.474;0:30.081;0:18.979;;Harry Tincknell;;DPi;;Mazda Team Joest;Mazda;
55;2;13;1:17.831;0;;29.162;0;29.907;0;18.762;0;166.6;23:25.065;09:08:25.065;0:29.162;0:29.907;0:18.762;;Harry Tincknell;;DPi;;Mazda Team Joest;Mazda;
55;2;14;7:20.981;0;B;29.040;0;29.854;0;6:22.087;0;29.4;30:46.046;09:15:46.046;0:29.040;0:29.854;6:22.087;;Harry Tincknell;;DPi;;Mazda Team Joest;Mazda;
55;1;15;1:32.735;0;;39.728;0;33.356;0;19.651;0;139.8;32:18.781;09:17:18.781;0:39.728;0:33.356;0:19.651;;Jonathan Bomarito;0:06:13.505;DPi;;Mazda Team Joest;Mazda;
55;1;16;1:20.024;0;;30.831;0;30.631;0;18.562;0;162.0;33:38.805;09:18:38.805;0:30.831;0:30.631;0:18.562;;Jonathan Bomarito;;DPi;;Mazda Team Joest;Mazda;
55;1;17;1:19.193;0;;29.153;0;30.875;0;19.165;0;163.7;34:57.998;09:19:57.998;0:29.153;0:30.875;0:19.165;;Jonathan Bomarito;;DPi;;Mazda Team Joest;Mazda;
55;1;18;1:17.046;0;;28.918;0;29.797;0;18.331;0;168.3;36:15.044;09:21:15.044;0:28.918;0:29.797;0:18.331;;Jonathan Bomarito;;DPi;;Mazda Team Joest;Mazda;
55;1;19;1:17.401;0;;28.690;0;29.967;0;18.744;0;167.5;37:32.445;09:22:32.445;0:28.690;0:29.967;0:18.744;;Jonathan Bomarito;;DPi;;Mazda Team Joest;Mazda;
55;1;20;1:18.556;0;;29.506;0;30.265;0;18.785;0;165.1;38:51.001;09:23:51.001;0:29.506;0:30.265;0:18.785;;Jonathan Bomarito;;DPi;;Mazda Team Joest;Mazda;
55;1;21;1:16.784;0;;28.575;0;29.893;0;18.316;0;168.9;40:07.785;09:25:07.785;0:28.575;0:29.893;0:18.316;;Jonathan Bomarito;;DPi;;Mazda Team Joest;Mazda;
55;1;22;1:16.609;0;;28.511;0;29.565;0;18.533;0;169.3;41:24.394;09:26:24.394;0:28.511;0:29.565;0:18.533;;Jonathan Bomarito;;DPi;;Mazda Team Joest;Mazda;
55;1;23;5:57.865;0;B;29.806;0;30.834;0;4:57.225;0;36.2;47:22.259;09:32:22.259;0:29.806;0:30.834;4:57.225;;Jonathan Bomarito;;DPi;;Mazda Team Joest;Mazda;
55;1;24;1:25.584;0;;36.653;0;30.561;0;18.370;0;151.5;48:47.843;09:33:47.843;0:36.653;0:30.561;0:18.370;;Jonathan Bomarito;0:04:49.830;DPi;;Mazda Team Joest;Mazda;
55;1;25;1:16.652;0;;28.709;0;29.628;0;18.315;0;169.2;50:04.495;09:35:04.495;0:28.709;0:29.628;0:18.315;;Jonathan Bomarito;;DPi;;Mazda Team Joest;Mazda;
55;1;26;1:18.479;0;;28.985;0;30.576;0;18.918;0;165.2;51:22.974;09:36:22.974;0:28.985;0:30.576;0:18.918;;Jonathan Bomarito;;DPi;;Mazda Team Joest;Mazda;
55;1;27;1:20.442;0;;29.653;0;31.366;0;19.423;0;161.2;52:43.416;09:37:43.416;0:29.653;0:31.366;0:19.423;;Jonathan Bomarito;;DPi;;Mazda Team Joest;Mazda;
55;1;28;1:16.363;0;;28.807;0;29.494;1;18.062;2;169.8;53:59.779;09:38:59.779;0:28.807;0:29.494;0:18.062;;Jonathan Bomarito;;DPi;;Mazda Team Joest;Mazda;
55;1;29;1:20.096;0;;28.704;0;29.940;0;21.452;0;161.9;55:19.875;09:40:19.875;0:28.704;0:29.940;0:21.452;;Jonathan Bomarito;;DPi;;Mazda Team Joest;Mazda;
55;1;30;1:16.908;0;;28.477;2;29.727;0;18.704;0;168.6;56:36.783;09:41:36.783;0:28.477;0:29.727;0:18.704;;Jonathan Bomarito;;DPi;;Mazda Team Joest;Mazda;
55;1;31;1:16.865;0;;28.599;0;29.966;0;18.300;0;168.7;57:53.648;09:42:53.648;0:28.599;0:29.966;0:18.300;;Jonathan Bomarito;;DPi;;Mazda Team Joest;Mazda;
57;2;1;2:12.827;0;;1:11.837;0;39.525;0;21.465;0;97.6;2:12.827;08:47:12.827;1:11.837;0:39.525;0:21.465;;Christina Nielsen;0:00:28.785;GTD;;Heinricher Racing w/Meyer Shank Racing;Acura;
57;2;2;1:30.086;0;;33.584;0;35.652;0;20.850;0;143.9;3:42.913;08:48:42.913;0:33.584;0:35.652;0:20.850;;Christina Nielsen;;GTD;;Heinricher Racing w/Meyer Shank Racing;Acura;
57;2;3;1:28.236;0;;33.254;0;34.077;0;20.905;0;146.9;5:11.149;08:50:11.149;0:33.254;0:34.077;0:20.905;;Christina Nielsen;;GTD;;Heinricher Racing w/Meyer Shank Racing;Acura;
57;2;4;1:27.711;0;;33.014;0;33.930;0;20.767;0;147.8;6:38.860;08:51:38.860;0:33.014;0:33.930;0:20.767;;Christina Nielsen;;GTD;;Heinricher Racing w/Meyer Shank Racing;Acura;
57;2;5;3:22.414;0;B;33.130;0;34.012;0;2:15.272;0;64.1;10:01.274;08:55:01.274;0:33.130;0:34.012;2:15.272;;Christina Nielsen;;GTD;;Heinricher Racing w/Meyer Shank Racing;Acura;
57;2;6;1:38.516;0;;41.606;0;35.698;0;21.212;0;131.6;11:39.790;08:56:39.790;0:41.606;0:35.698;0:21.212;;Christina Nielsen;0:02:06.196;GTD;;Heinricher Racing w/Meyer Shank Racing;Acura;
57;2;7;1:28.186;0;;33.267;0;34.472;0;20.447;0;147.0;13:07.976;08:58:07.976;0:33.267;0:34.472;0:20.447;;Christina Nielsen;;GTD;;Heinricher Racing w/Meyer Shank Racing;Acura;
57;2;8;1:25.614;0;;32.286;0;33.033;0;20.295;0;151.4;14:33.590;08:59:33.590;0:32.286;0:33.033;0:20.295;;Christina Nielsen;;GTD;;Heinricher Racing w/Meyer Shank Racing;Acura;
57;2;9;1:25.434;2;;32.131;0;33.030;0;20.273;0;151.8;15:59.024;09:00:59.024;0:32.131;0:33.030;0:20.273;;Christina Nielsen;;GTD;;Heinricher Racing w/Meyer Shank Racing;Acura;
57;2;10;1:25.442;0;;32.084;2;33.017;2;20.341;0;151.8;17:24.466;09:02:24.466;0:32.084;0:33.017;0:20.341;;Christina Nielsen;;GTD;;Heinricher Racing w/Meyer Shank Racing;Acura;
57;2;11;3:42.073;0;B;32.301;0;33.713;0;2:36.059;0;58.4;21:06.539;09:06:06.539;0:32.301;0:33.713;2:36.059;;Christina Nielsen;;GTD;;Heinricher Racing w/Meyer Shank Racing;Acura;
57;1;12;1:33.800;0;;38.989;0;34.377;0;20.434;0;138.2;22:40.339;09:07:40.339;0:38.989;0:34.377;0:20.434;;Katherine Legge;0:02:27.528;GTD;;Heinricher Racing w/Meyer Shank Racing;Acura;
57;1;13;1:26.039;0;;32.334;0;33.449;1;20.256;1;150.7;24:06.378;09:09:06.378;0:32.334;0:33.449;0:20.256;;Katherine Legge;;GTD;;Heinricher Racing w/Meyer Shank Racing;Acura;
57;1;14;7:07.061;0;B;32.387;0;37.132;0;5:57.542;0;30.4;31:13.439;09:16:13.439;0:32.387;0:37.132;5:57.542;;Katherine Legge;;GTD;;Heinricher Racing w/Meyer Shank Racing;Acura;
57;1;15;1:33.343;0;;38.593;0;34.145;0;20.605;0;138.9;32:46.782;09:17:46.782;0:38.593;0:34.145;0:20.605;;Katherine Legge;0:05:47.771;GTD;;Heinricher Racing w/Meyer Shank Racing;Acura;
57;1;16;1:29.955;0;;32.624;0;33.934;0;23.397;0;144.1;34:16.737;09:19:16.737;0:32.624;0:33.934;0:23.397;;Katherine Legge;;GTD;;Heinricher Racing w/Meyer Shank Racing;Acura;
57;1;17;3:24.111;0;B;32.384;0;34.868;0;2:16.859;0;63.5;37:40.848;09:22:40.848;0:32.384;0:34.868;2:16.859;;Katherine Legge;;GTD;;Heinricher Racing w/Meyer Shank Racing;Acura;
57;1;18;1:33.826;0;;39.466;0;33.930;0;20.430;0;138.2;39:14.674;09:24:14.674;0:39.466;0:33.930;0:20.430;;Katherine Legge;0:02:07.618;GTD;;Heinricher Racing w/Meyer Shank Racing;Acura;
57;1;19;1:28.625;0;;32.282;1;35.875;0;20.468;0;146.3;40:43.299;09:25:43.299;0:32.282;0:35.875;0:20.468;;Katherine Legge;;GTD;;Heinricher Racing w/Meyer Shank Racing;Acura;
57;1;20;3:02.111;0;B;32.394;0;33.849;0;1:55.868;0;71.2;43:45.410;09:28:45.410;0:32.394;0:33.849;1:55.868;;Katherine Legge;;GTD;;Heinricher Racing w/Meyer Shank Racing;Acura;
57;1;21;1:32.364;0;;37.286;0;34.400;0;20.678;0;140.4;45:17.774;09:30:17.774;0:37.286;0:34.400;0:20.678;;Katherine Legge;0:01:47.757;GTD;;Heinricher Racing w/Meyer Shank Racing;Acura;
57;1;22;3:32.284;0;B;33.316;0;33.808;0;2:25.160;0;61.1;48:50.058;09:33:50.058;0:33.316;0:33.808;2:25.160;;Katherine Legge;;GTD;;Heinricher Racing w/Meyer Shank Racing;Acura;
57;2;23;1:44.399;0;;45.903;0;36.360;0;22.136;0;124.2;50:34.457;09:35:34.457;0:45.903;0:36.360;0:22.136;;Christina Nielsen;0:02:16.917;GTD;;Heinricher Racing w/Meyer Shank Racing;Acura;
57;2;24;1:28.065;0;;33.167;0;34.472;0;20.426;0;147.2;52:02.522;09:37:02.522;0:33.167;0:34.472;0:20.426;;Christina Nielsen;;GTD;;Heinricher Racing w/Meyer Shank Racing;Acura;
57;2;25;1:25.804;0;;32.264;0;33.300;0;20.240;0;151.1;53:28.326;09:38:28.326;0:32.264;0:33.300;0:20.240;;Christina Nielsen;;GTD;;Heinricher Racing w/Meyer Shank Racing;Acura;
57;2;26;1:32.470;0;;34.570;0;36.578;0;21.322;0;140.2;55:00.796;09:40:00.796;0:34.570;0:36.578;0:21.322;;Christina Nielsen;;GTD;;Heinricher Racing w/Meyer Shank Racing;Acura;
57;2;27;1:25.831;0;;32.136;0;33.463;0;20.232;2;151.1;56:26.627;09:41:26.627;0:32.136;0:33.463;0:20.232;;Christina Nielsen;;GTD;;Heinricher Racing w/Meyer Shank Racing;Acura;
57;2;28;1:26.816;0;;32.517;0;34.050;0;20.249;0;149.4;57:53.443;09:42:53.443;0:32.517;0:34.050;0:20.249;;Christina Nielsen;;GTD;;Heinricher Racing w/Meyer Shank Racing;Acura;
57;2;29;1:26.844;0;;32.438;0;33.652;0;20.754;0;149.3;59:20.287;09:44:20.287;0:32.438;0:33.652;0:20.754;;Christina Nielsen;;GTD;;Heinricher Racing w/Meyer Shank Racing;Acura;
57;2;30;1:26.282;0;;32.417;0;33.499;0;20.366;0;150.3;1:00:46.569;09:45:46.569;0:32.417;0:33.499;0:20.366;;Christina Nielsen;;GTD;;Heinricher Racing w/Meyer Shank Racing;Acura;
6;1;1;1:54.336;0;;55.542;0;38.159;0;20.635;0;113.4;1:54.336;08:46:54.336;0:55.542;0:38.159;0:20.635;;Dane Cameron;0:00:13.957;DPi;;Acura Team Penske;Acura;
6;1;2;1:20.140;0;;30.136;0;31.555;0;18.449;0;161.8;3:14.476;08:48:14.476;0:30.136;0:31.555;0:18.449;;Dane Cameron;;DPi;;Acura Team Penske;Acura;
6;1;3;1:16.869;0;;28.836;0;29.774;0;18.259;0;168.7;4:31.345;08:49:31.345;0:28.836;0:29.774;0:18.259;;Dane Cameron;;DPi;;Acura Team Penske;Acura;
6;1;4;1:16.295;0;;28.537;1;29.639;0;18.119;0;169.9;5:47.640;08:50:47.640;0:28.537;0:29.639;0:18.119;;Dane Cameron;;DPi;;Acura Team Penske;Acura;
6;1;5;1:16.324;0;;28.756;0;29.504;1;18.064;2;169.9;7:03.964;08:52:03.964;0:28.756;0:29.504;0:18.064;;Dane Cameron;;DPi;;Acura Team Penske;Acura;
6;1;6;1:20.137;0;;30.519;0;31.530;0;18.088;0;161.8;8:24.101;08:53:24.101;0:30.519;0:31.530;0:18.088;;Dane Cameron;;DPi;;Acura Team Penske;Acura;
6;1;7;7:01.113;0;B;29.573;0;30.147;0;6:01.393;0;30.8;15:25.214;09:00:25.214;0:29.573;0:30.147;6:01.393;;Dane Cameron;;DPi;;Acura Team Penske;Acura;
6;1;8;1:35.353;0;;41.390;0;35.666;0;18.297;0;136.0;17:00.567;09:02:00.567;0:41.390;0:35.666;0:18.297;;Dane Cameron;0:05:54.182;DPi;;Acura Team Penske;Acura;
6;1;9;1:16.761;0;;28.595;0;29.952;0;18.214;0;168.9;18:17.328;09:03:17.328;0:28.595;0:29.952;0:18.214;;Dane Cameron;;DPi;;Acura Team Penske;Acura;
6;1;10;1:17.045;0;;29.033;0;29.835;0;18.177;0;168.3;19:34.373;09:04:34.373;0:29.033;0:29.835;0:18.177;;Dane Cameron;;DPi;;Acura Team Penske;Acura;
6;1;11;1:19.419;0;;28.852;0;32.022;0;18.545;0;163.3;20:53.792;09:05:53.792;0:28.852;0:32.022;0:18.545;;Dane Cameron;;DPi;;Acura Team Penske;Acura;
6;1;12;1:19.009;0;;28.644;0;31.088;0;19.277;0;164.1;22:12.801;09:07:12.801;0:28.644;0:31.088;0:19.277;;Dane Cameron;;DPi;;Acura Team Penske;Acura;
6;1;13;1:16.971;0;;28.669;0;30.223;0;18.079;0;168.5;23:29.772;09:08:29.772;0:28.669;0:30.223;0:18.079;;Dane Cameron;;DPi;;Acura Team Penske;Acura;
6;1;14;1:16.718;0;;28.765;0;29.696;0;18.257;0;169.0;24:46.490;09:09:46.490;0:28.765;0:29.696;0:18.257;;Dane Cameron;;DPi;;Acura Team Penske;Acura;
6;1;15;8:20.437;0;B;31.156;0;41.220;0;7:08.061;0;25.9;33:06.927;09:18:06.927;0:31.156;0:41.220;7:08.061;;Dane Cameron;;DPi;;Acura Team Penske;Acura;
6;2;16;1:26.263;0;;36.573;0;30.890;0;18.800;0;150.3;34:33.190;09:19:33.190;0:36.573;0:30.890;0:18.800;;Juan Pablo Montoya;0:06:58.125;DPi;;Acura Team Penske;Acura;
6;2;17;1:17.771;0;;29.083;0;29.918;0;18.770;0;166.7;35:50.961;09:20:50.961;0:29.083;0:29.918;0:18.770;;Juan Pablo Montoya;;DPi;;Acura Team Penske;Acura;
6;2;18;1:19.857;0;;28.736;0;30.968;0;20.153;0;162.4;37:10.818;09:22:10.818;0:28.736;0:30.968;0:20.153;;Juan Pablo Montoya;;DPi;;Acura Team Penske;Acura;
6;2;19;1:17.873;0;;28.839;0;29.930;0;19.104;0;166.5;38:28.691;09:23:28.691;0:28.839;0:29.930;0:19.104;;Juan Pablo Montoya;;DPi;;Acura Team Penske;Acura;
6;2;20;6:31.609;0;B;28.718;0;31.991;0;5:30.900;0;33.1;45:00.300;09:30:00.300;0:28.718;0:31.991;5:30.900;;Juan Pablo Montoya;;DPi;;Acura Team Penske;Acura;
6;2;21;1:33.089;0;;40.769;0;33.099;0;19.221;0;139.3;46:33.389;09:31:33.389;0:40.769;0:33.099;0:19.221;;Juan Pablo Montoya;0:05:21.648;DPi;;Acura Team Penske;Acura;
6;2;22;1:18.408;0;;29.434;0;30.622;0;18.352;0;165.4;47:51.797;09:32:51.797;0:29.434;0:30.622;0:18.352;;Juan Pablo Montoya;;DPi;;Acura Team Penske;Acura;
6;2;23;1:17.668;0;;28.730;0;29.895;0;19.043;0;166.9;49:09.465;09:34:09.465;0:28.730;0:29.895;0:19.043;;Juan Pablo Montoya;;DPi;;Acura Team Penske;Acura;
6;2;24;1:19.056;0;;28.497;2;30.672;0;19.887;0;164.0;50:28.521;09:35:28.521;0:28.497;0:30.672;0:19.887;;Juan Pablo Montoya;;DPi;;Acura Team Penske;Acura;
6;2;25;1:16.736;0;;28.575;0;29.395;0;18.766;0;169.0;51:45.257;09:36:45.257;0:28.575;0:29.395;0:18.766;;Juan Pablo Montoya;;DPi;;Acura Team Penske;Acura;
6;2;26;1:19.790;0;;29.319;0;31.430;0;19.041;0;162.5;53:05.047;09:38:05.047;0:29.319;0:31.430;0:19.041;;Juan Pablo Montoya;;DPi;;Acura Team Penske;Acura;
6;2;27;1:15.857;2;;28.527;0;29.207;2;18.123;1;170.9;54:20.904;09:39:20.904;0:28.527;0:29.207;0:18.123;;Juan Pablo Montoya;;DPi;;Acura Team Penske;Acura;
6;2;28;4:55.043;0;B;31.012;0;31.296;0;3:52.735;0;43.9;59:15.947;09:44:15.947;0:31.012;0:31.296;3:52.735;;Juan Pablo Montoya;;DPi;;Acura Team Penske;Acura;
6;2;29;1:24.687;0;;35.847;0;30.578;0;18.262;0;153.1;1:00:40.634;09:45:40.634;0:35.847;0:30.578;0:18.262;;Juan Pablo Montoya;0:03:44.855;DPi;;Acura Team Penske;Acura;
63;2;1;2:59.533;0;B;1:26.253;0;37.694;0;55.586;0;72.2;2:59.533;08:47:59.533;1:26.253;0:37.694;0:55.586;;Toni Vilander;0:00:42.078;GTD;;Scuderia Corsa;Ferrari;
63;2;2;1:36.569;0;;40.045;0;35.956;0;20.568;0;134.3;4:36.102;08:49:36.102;0:40.045;0:35.956;0:20.568;;Toni Vilander;0:00:45.990;GTD;;Scuderia Corsa;Ferrari;
63;2;3;1:26.801;0;;32.495;0;33.808;0;20.498;0;149.4;6:02.903;08:51:02.903;0:32.495;0:33.808;0:20.498;;Toni Vilander;;GTD;;Scuderia Corsa;Ferrari;
63;2;4;1:26.283;0;;32.526;0;33.468;0;20.289;0;150.3;7:29.186;08:52:29.186;0:32.526;0:33.468;0:20.289;;Toni Vilander;;GTD;;Scuderia Corsa;Ferrari;
63;2;5;1:27.815;0;;32.554;0;34.064;0;21.197;0;147.7;8:57.001;08:53:57.001;0:32.554;0:34.064;0:21.197;;Toni Vilander;;GTD;;Scuderia Corsa;Ferrari;
63;2;6;5:18.495;0;B;32.562;0;33.738;0;4:12.195;0;40.7;14:15.496;08:59:15.496;0:32.562;0:33.738;4:12.195;;Toni Vilander;;GTD;;Scuderia Corsa;Ferrari;
63;2;7;1:35.330;0;;38.196;0;35.311;0;21.823;0;136.0;15:50.826;09:00:50.826;0:38.196;0:35.311;0:21.823;;Toni Vilander;0:04:03.202;GTD;;Scuderia Corsa;Ferrari;
63;2;8;1:26.730;0;;32.377;0;33.714;0;20.639;0;149.5;17:17.556;09:02:17.556;0:32.377;0:33.714;0:20.639;;Toni Vilander;;GTD;;Scuderia Corsa;Ferrari;
63;2;9;1:26.769;0;;32.432;0;33.858;0;20.479;0;149.4;18:44.325;09:03:44.325;0:32.432;0:33.858;0:20.479;;Toni Vilander;;GTD;;Scuderia Corsa;Ferrari;
63;2;10;2:53.484;0;B;33.598;0;34.398;0;1:45.488;0;74.7;21:37.809;09:06:37.809;0:33.598;0:34.398;1:45.488;;Toni Vilander;;GTD;;Scuderia Corsa;Ferrari;
63;1;11;1:36.205;0;;40.688;0;34.733;0;20.784;0;134.8;23:14.014;09:08:14.014;0:40.688;0:34.733;0:20.784;;Cooper MacNeil;0:01:36.634;GTD;;Scuderia Corsa;Ferrari;
63;1;12;1:27.858;0;;33.028;0;34.158;0;20.672;0;147.6;24:41.872;09:09:41.872;0:33.028;0:34.158;0:20.672;;Cooper MacNeil;;GTD;;Scuderia Corsa;Ferrari;
63;1;13;6:09.941;0;B;33.786;0;40.000;0;4:56.155;0;35.0;30:51.813;09:15:51.813;0:33.786;0:40.000;4:56.155;;Cooper MacNeil;;GTD;;Scuderia Corsa;Ferrari;
63;1;14;1:41.570;0;;42.435;0;37.146;0;21.989;0;127.7;32:33.383;09:17:33.383;0:42.435;0:37.146;0:21.989;;Cooper MacNeil;0:04:47.566;GTD;;Scuderia Corsa;Ferrari;
63;1;15;1:26.320;0;;32.378;0;33.788;0;20.154;0;150.2;33:59.703;09:18:59.703;0:32.378;0:33.788;0:20.154;;Cooper MacNeil;;GTD;;Scuderia Corsa;Ferrari;
63;1;16;1:25.949;0;;32.266;0;33.501;0;20.182;0;150.9;35:25.652;09:20:25.652;0:32.266;0:33.501;0:20.182;;Cooper MacNeil;;GTD;;Scuderia Corsa;Ferrari;
63;1;17;1:25.755;0;;32.222;0;33.430;0;20.103;1;151.2;36:51.407;09:21:51.407;0:32.222;0:33.430;0:20.103;;Cooper MacNeil;;GTD;;Scuderia Corsa;Ferrari;
63;1;18;1:25.591;0;;32.138;1;33.279;1;20.174;0;151.5;38:16.998;09:23:16.998;0:32.138;0:33.279;0:20.174;;Cooper MacNeil;;GTD;;Scuderia Corsa;Ferrari;
63;1;19;1:26.433;0;;32.193;0;33.810;0;20.430;0;150.0;39:43.431;09:24:43.431;0:32.193;0:33.810;0:20.430;;Cooper MacNeil;;GTD;;Scuderia Corsa;Ferrari;
63;1;20;2:54.807;0;B;32.232;0;35.262;0;1:47.313;0;74.2;42:38.238;09:27:38.238;0:32.232;0:35.262;1:47.313;;Cooper MacNeil;;GTD;;Scuderia Corsa;Ferrari;
63;2;21;1:32.640;0;;38.089;0;33.935;0;20.616;0;140.0;44:10.878;09:29:10.878;0:38.089;0:33.935;0:20.616;;Toni Vilander;0:01:38.111;GTD;;Scuderia Corsa;Ferrari;
63;2;22;1:25.561;0;;32.213;0;33.267;0;20.081;2;151.5;45:36.439;09:30:36.439;0:32.213;0:33.267;0:20.081;;Toni Vilander;;GTD;;Scuderia Corsa;Ferrari;
63;2;23;1:25.332;0;;32.069;2;33.106;0;20.157;0;151.9;47:01.771;09:32:01.771;0:32.069;0:33.106;0:20.157;;Toni Vilander;;GTD;;Scuderia Corsa;Ferrari;
63;2;24;1:28.192;0;;33.619;0;34.041;0;20.532;0;147.0;48:29.963;09:33:29.963;0:33.619;0:34.041;0:20.532;;Toni Vilander;;GTD;;Scuderia Corsa;Ferrari;
63;2;25;1:25.210;2;;32.126;0;32.893;2;20.191;0;152.2;49:55.173;09:34:55.173;0:32.126;0:32.893;0:20.191;;Toni Vilander;;GTD;;Scuderia Corsa;Ferrari;
63;2;26;3:15.731;0;B;32.864;0;33.685;0;2:09.182;0;66.2;53:10.904;09:38:10.904;0:32.864;0:33.685;2:09.182;;Toni Vilander;;GTD;;Scuderia Corsa;Ferrari;
63;2;27;1:31.227;0;;37.424;0;33.506;0;20.297;0;142.1;54:42.131;09:39:42.131;0:37.424;0:33.506;0:20.297;;Toni Vilander;0:02:00.451;GTD;;Scuderia Corsa;Ferrari;
63;2;28;1:26.066;0;;32.481;0;33.250;0;20.335;0;150.7;56:08.197;09:41:08.197;0:32.481;0:33.250;0:20.335;;Toni Vilander;;GTD;;Scuderia Corsa;Ferrari;
63;2;29;1:25.288;0;;32.155;0;32.940;0;20.193;0;152.0;57:33.485;09:42:33.485;0:32.155;0:32.940;0:20.193;;Toni Vilander;;GTD;;Scuderia Corsa;Ferrari;
63;2;30;1:28.493;0;;33.149;0;34.838;0;20.506;0;146.5;59:01.978;09:44:01.978;0:33.149;0:34.838;0:20.506;;Toni Vilander;;GTD;;Scuderia Corsa;Ferrari;
63;2;31;1:26.078;0;;32.353;0;33.479;0;20.246;0;150.6;1:00:28.056;09:45:28.056;0:32.353;0:33.479;0:20.246;;Toni Vilander;;GTD;;Scuderia Corsa;Ferrari;
66;1;1;2:10.427;0;;1:14.777;0;35.165;0;20.485;0;99.4;2:10.427;08:47:10.427;1:14.777;0:35.165;0:20.485;;Joey Hand;0:00:33.423;GTLM;;Ford Chip Ganassi Racing;Ford;
66;1;2;1:25.389;0;;31.995;0;33.426;0;19.968;0;151.8;3:35.816;08:48:35.816;0:31.995;0:33.426;0:19.968;;Joey Hand;;GTLM;;Ford Chip Ganassi Racing;Ford;
66;1;3;1:22.810;0;;31.072;0;32.280;0;19.458;2;156.6;4:58.626;08:49:58.626;0:31.072;0:32.280;0:19.458;;Joey Hand;;GTLM;;Ford Chip Ganassi Racing;Ford;
66;1;4;1:23.494;0;;31.269;0;32.447;0;19.778;0;155.3;6:22.120;08:51:22.120;0:31.269;0:32.447;0:19.778;;Joey Hand;;GTLM;;Ford Chip Ganassi Racing;Ford;
66;1;5;1:24.081;0;;31.622;0;32.846;0;19.613;0;154.2;7:46.201;08:52:46.201;0:31.622;0:32.846;0:19.613;;Joey Hand;;GTLM;;Ford Chip Ganassi Racing;Ford;
66;1;6;1:22.976;0;;31.056;1;32.224;0;19.696;0;156.3;9:09.177;08:54:09.177;0:31.056;0:32.224;0:19.696;;Joey Hand;;GTLM;;Ford Chip Ganassi Racing;Ford;
66;1;7;1:22.874;0;;31.136;0;32.258;0;19.480;0;156.5;10:32.051;08:55:32.051;0:31.136;0:32.258;0:19.480;;Joey Hand;;GTLM;;Ford Chip Ganassi Racing;Ford;
66;1;8;1:22.889;0;;31.171;0;32.210;0;19.508;0;156.4;11:54.940;08:56:54.940;0:31.171;0:32.210;0:19.508;;Joey Hand;;GTLM;;Ford Chip Ganassi Racing;Ford;
66;1;9;1:23.778;0;;31.102;0;32.969;0;19.707;0;154.8;13:18.718;08:58:18.718;0:31.102;0:32.969;0:19.707;;Joey Hand;;GTLM;;Ford Chip Ganassi Racing;Ford;
66;1;10;1:22.823;0;;31.149;0;32.171;1;19.503;0;156.6;14:41.541;08:59:41.541;0:31.149;0:32.171;0:19.503;;Joey Hand;;GTLM;;Ford Chip Ganassi Racing;Ford;
66;1;11;1:23.766;0;;31.239;0;32.852;0;19.675;0;154.8;16:05.307;09:01:05.307;0:31.239;0:32.852;0:19.675;;Joey Hand;;GTLM;;Ford Chip Ganassi Racing;Ford;
66;1;12;1:23.537;0;;31.221;0;32.460;0;19.856;0;155.2;17:28.844;09:02:28.844;0:31.221;0:32.460;0:19.856;;Joey Hand;;GTLM;;Ford Chip Ganassi Racing;Ford;
66;1;13;1:23.765;0;;31.427;0;32.575;0;19.763;0;154.8;18:52.609;09:03:52.609;0:31.427;0:32.575;0:19.763;;Joey Hand;;GTLM;;Ford Chip Ganassi Racing;Ford;
66;1;14;11:54.093;0;B;31.404;0;32.661;0;10:50.028;0;18.2;30:46.702;09:15:46.702;0:31.404;0:32.661;10:50.028;;Joey Hand;;GTLM;;Ford Chip Ganassi Racing;Ford;
66;1;15;1:33.983;0;;39.761;0;33.969;0;20.253;0;138.0;32:20.685;09:17:20.685;0:39.761;0:33.969;0:20.253;;Joey Hand;0:10:42.059;GTLM;;Ford Chip Ganassi Racing;Ford;
66;1;16;2:31.244;0;B;31.469;0;32.744;0;1:27.031;0;85.7;34:51.929;09:19:51.929;0:31.469;0:32.744;1:27.031;;Joey Hand;;GTLM;;Ford Chip Ganassi Racing;Ford;
66;2;17;1:31.062;0;;37.970;0;33.281;0;19.811;0;142.4;36:22.991;09:21:22.991;0:37.970;0:33.281;0:19.811;;Dirk Mueller;0:01:19.091;GTLM;;Ford Chip Ganassi Racing;Ford;
66;2;18;1:24.264;0;;31.577;0;32.497;0;20.190;0;153.9;37:47.255;09:22:47.255;0:31.577;0:32.497;0:20.190;;Dirk Mueller;;GTLM;;Ford Chip Ganassi Racing;Ford;
66;2;19;5:12.002;0;B;31.467;0;32.719;0;4:07.816;0;41.6;42:59.257;09:27:59.257;0:31.467;0:32.719;4:07.816;;Dirk Mueller;;GTLM;;Ford Chip Ganassi Racing;Ford;
66;2;20;1:33.878;0;;40.448;0;33.468;0;19.962;0;138.1;44:33.135;09:29:33.135;0:40.448;0:33.468;0:19.962;;Dirk Mueller;0:03:58.778;GTLM;;Ford Chip Ganassi Racing;Ford;
66;2;21;1:22.888;0;;31.188;0;32.175;0;19.525;0;156.4;45:56.023;09:30:56.023;0:31.188;0:32.175;0:19.525;;Dirk Mueller;;GTLM;;Ford Chip Ganassi Racing;Ford;
66;2;22;1:22.528;0;;31.049;0;32.004;2;19.475;0;157.1;47:18.551;09:32:18.551;0:31.049;0:32.004;0:19.475;;Dirk Mueller;;GTLM;;Ford Chip Ganassi Racing;Ford;
66;2;23;1:22.908;0;;30.900;2;32.394;0;19.614;0;156.4;48:41.459;09:33:41.459;0:30.900;0:32.394;0:19.614;;Dirk Mueller;;GTLM;;Ford Chip Ganassi Racing;Ford;
66;2;24;1:22.602;0;;31.039;0;32.091;0;19.472;1;157.0;50:04.061;09:35:04.061;0:31.039;0:32.091;0:19.472;;Dirk Mueller;;GTLM;;Ford Chip Ganassi Racing;Ford;
66;2;25;1:23.063;0;;31.147;0;32.170;0;19.746;0;156.1;51:27.124;09:36:27.124;0:31.147;0:32.170;0:19.746;;Dirk Mueller;;GTLM;;Ford Chip Ganassi Racing;Ford;
66;2;26;1:22.938;0;;30.999;0;32.155;0;19.784;0;156.3;52:50.062;09:37:50.062;0:30.999;0:32.155;0:19.784;;Dirk Mueller;;GTLM;;Ford Chip Ganassi Racing;Ford;
66;2;27;1:23.476;0;;31.112;0;32.778;0;19.586;0;155.3;54:13.538;09:39:13.538;0:31.112;0:32.778;0:19.586;;Dirk Mueller;;GTLM;;Ford Chip Ganassi Racing;Ford;
66;2;28;1:22.909;0;;31.111;0;32.218;0;19.580;0;156.4;55:36.447;09:40:36.447;0:31.111;0:32.218;0:19.580;;Dirk Mueller;;GTLM;;Ford Chip Ganassi Racing;Ford;
66;2;29;1:22.683;0;;31.078;0;32.037;0;19.568;0;156.8;56:59.130;09:41:59.130;0:31.078;0:32.037;0:19.568;;Dirk Mueller;;GTLM;;Ford Chip Ganassi Racing;Ford;
66;2;30;1:22.518;2;;30.992;0;32.034;0;19.492;0;157.1;58:21.648;09:43:21.648;0:30.992;0:32.034;0:19.492;;Dirk Mueller;;GTLM;;Ford Chip Ganassi Racing;Ford;
66;2;31;1:25.439;0;;31.379;0;34.180;0;19.880;0;151.8;59:47.087;09:44:47.087;0:31.379;0:34.180;0:19.880;;Dirk Mueller;;GTLM;;Ford Chip Ganassi Racing;Ford;
66;2;32;1:22.981;0;;31.098;0;32.248;0;19.635;0;156.3;1:01:10.068;09:46:10.068;0:31.098;0:32.248;0:19.635;;Dirk Mueller;;GTLM;;Ford Chip Ganassi Racing;Ford;
67;2;1;2:14.353;0;;1:17.009;0;36.037;0;21.307;0;96.5;2:14.353;08:47:14.353;1:17.009;0:36.037;0:21.307;;Richard Westbrook;0:00:34.488;GTLM;;Ford Chip Ganassi Racing;Ford;
67;2;2;1:26.269;0;;32.769;0;33.560;0;19.940;0;150.3;3:40.622;08:48:40.622;0:32.769;0:33.560;0:19.940;;Richard Westbrook;;GTLM;;Ford Chip Ganassi Racing;Ford;
67;2;3;1:23.273;0;;31.322;0;32.291;0;19.660;0;155.7;5:03.895;08:50:03.895;0:31.322;0:32.291;0:19.660;;Richard Westbrook;;GTLM;;Ford Chip Ganassi Racing;Ford;
67;2;4;1:23.069;0;;31.043;0;32.075;0;19.951;0;156.1;6:26.964;08:51:26.964;0:31.043;0:32.075;0:19.951;;Richard Westbrook;;GTLM;;Ford Chip Ganassi Racing;Ford;
67;2;5;1:24.035;0;;31.348;0;32.447;0;20.240;0;154.3;7:50.999;08:52:50.999;0:31.348;0:32.447;0:20.240;;Richard Westbrook;;GTLM;;Ford Chip Ganassi Racing;Ford;
67;2;6;1:22.365;0;;30.967;0;31.867;0;19.531;0;157.4;9:13.364;08:54:13.364;0:30.967;0:31.867;0:19.531;;Richard Westbrook;;GTLM;;Ford Chip Ganassi Racing;Ford;
67;2;7;1:22.147;0;;30.920;0;31.778;0;19.449;2;157.8;10:35.511;08:55:35.511;0:30.920;0:31.778;0:19.449;;Richard Westbrook;;GTLM;;Ford Chip Ganassi Racing;Ford;
67;2;8;1:22.034;2;;30.919;2;31.635;2;19.480;0;158.1;11:57.545;08:56:57.545;0:30.919;0:31.635;0:19.480;;Richard Westbrook;;GTLM;;Ford Chip Ganassi Racing;Ford;
67;2;9;6:11.265;0;B;31.694;0;33.236;0;5:06.335;0;34.9;18:08.810;09:03:08.810;0:31.694;0:33.236;5:06.335;;Richard Westbrook;;GTLM;;Ford Chip Ganassi Racing;Ford;
67;2;10;1:33.592;0;;38.182;0;34.550;0;20.860;0;138.5;19:42.402;09:04:42.402;0:38.182;0:34.550;0:20.860;;Richard Westbrook;0:04:58.440;GTLM;;Ford Chip Ganassi Racing;Ford;
67;2;11;1:24.225;0;;31.606;0;32.617;0;20.002;0;153.9;21:06.627;09:06:06.627;0:31.606;0:32.617;0:20.002;;Richard Westbrook;;GTLM;;Ford Chip Ganassi Racing;Ford;
67;2;12;1:22.980;0;;31.229;0;32.157;0;19.594;0;156.3;22:29.607;09:07:29.607;0:31.229;0:32.157;0:19.594;;Richard Westbrook;;GTLM;;Ford Chip Ganassi Racing;Ford;
67;2;13;8:15.766;0;B;31.120;0;32.355;0;7:12.291;0;26.2;30:45.373;09:15:45.373;0:31.120;0:32.355;7:12.291;;Richard Westbrook;;GTLM;;Ford Chip Ganassi Racing;Ford;
67;1;14;1:34.410;0;;38.303;0;35.010;0;21.097;0;137.3;32:19.783;09:17:19.783;0:38.303;0:35.010;0:21.097;;Ryan Briscoe;0:07:04.336;GTLM;;Ford Chip Ganassi Racing;Ford;
67;1;15;1:23.335;0;;31.465;0;32.271;0;19.599;0;155.6;33:43.118;09:18:43.118;0:31.465;0:32.271;0:19.599;;Ryan Briscoe;;GTLM;;Ford Chip Ganassi Racing;Ford;
67;1;16;1:22.660;0;;30.935;1;32.171;0;19.554;0;156.9;35:05.778;09:20:05.778;0:30.935;0:32.171;0:19.554;;Ryan Briscoe;;GTLM;;Ford Chip Ganassi Racing;Ford;
67;1;17;1:25.088;0;;32.326;0;32.874;0;19.888;0;152.4;36:30.866;09:21:30.866;0:32.326;0:32.874;0:19.888;;Ryan Briscoe;;GTLM;;Ford Chip Ganassi Racing;Ford;
67;1;18;1:23.247;0;;31.199;0;32.032;1;20.016;0;155.8;37:54.113;09:22:54.113;0:31.199;0:32.032;0:20.016;;Ryan Briscoe;;GTLM;;Ford Chip Ganassi Racing;Ford;
67;1;19;1:22.547;0;;31.058;0;32.034;0;19.455;1;157.1;39:16.660;09:24:16.660;0:31.058;0:32.034;0:19.455;;Ryan Briscoe;;GTLM;;Ford Chip Ganassi Racing;Ford;
67;1;20;1:23.528;0;;31.191;0;32.650;0;19.687;0;155.2;40:40.188;09:25:40.188;0:31.191;0:32.650;0:19.687;;Ryan Briscoe;;GTLM;;Ford Chip Ganassi Racing;Ford;
67;1;21;1:24.763;0;;31.230;0;33.663;0;19.870;0;153.0;42:04.951;09:27:04.951;0:31.230;0:33.663;0:19.870;;Ryan Briscoe;;GTLM;;Ford Chip Ganassi Racing;Ford;
67;1;22;1:23.313;0;;31.265;0;32.284;0;19.764;0;155.6;43:28.264;09:28:28.264;0:31.265;0:32.284;0:19.764;;Ryan Briscoe;;GTLM;;Ford Chip Ganassi Racing;Ford;
67;1;23;1:23.219;0;;31.309;0;32.141;0;19.769;0;155.8;44:51.483;09:29:51.483;0:31.309;0:32.141;0:19.769;;Ryan Briscoe;;GTLM;;Ford Chip Ganassi Racing;Ford;
67;1;24;1:23.169;0;;31.176;0;32.325;0;19.668;0;155.9;46:14.652;09:31:14.652;0:31.176;0:32.325;0:19.668;;Ryan Briscoe;;GTLM;;Ford Chip Ganassi Racing;Ford;
67;1;25;1:23.813;0;;31.784;0;32.246;0;19.783;0;154.7;47:38.465;09:32:38.465;0:31.784;0:32.246;0:19.783;;Ryan Briscoe;;GTLM;;Ford Chip Ganassi Racing;Ford;
67;1;26;1:23.569;0;;31.503;0;32.249;0;19.817;0;155.2;49:02.034;09:34:02.034;0:31.503;0:32.249;0:19.817;;Ryan Briscoe;;GTLM;;Ford Chip Ganassi Racing;Ford;
67;1;27;4:30.727;0;B;31.852;0;34.238;0;3:24.637;0;47.9;53:32.761;09:38:32.761;0:31.852;0:34.238;3:24.637;;Ryan Briscoe;;GTLM;;Ford Chip Ganassi Racing;Ford;
67;1;28;1:30.241;0;;37.407;0;33.050;0;19.784;0;143.7;55:03.002;09:40:03.002;0:37.407;0:33.050;0:19.784;;Ryan Briscoe;0:03:16.071;GTLM;;Ford Chip Ganassi Racing;Ford;
67;1;29;1:24.078;0;;31.414;0;32.812;0;19.852;0;154.2;56:27.080;09:41:27.080;0:31.414;0:32.812;0:19.852;;Ryan Briscoe;;GTLM;;Ford Chip Ganassi Racing;Ford;
67;1;30;1:24.547;0;;31.906;0;32.685;0;19.956;0;153.4;57:51.627;09:42:51.627;0:31.906;0:32.685;0:19.956;;Ryan Briscoe;;GTLM;;Ford Chip Ganassi Racing;Ford;
67;1;31;1:24.030;0;;31.536;0;32.742;0;19.752;0;154.3;59:15.657;09:44:15.657;0:31.536;0:32.742;0:19.752;;Ryan Briscoe;;GTLM;;Ford Chip Ganassi Racing;Ford;
67;1;32;1:24.388;0;;31.500;0;32.550;0;20.338;0;153.6;1:00:40.045;09:45:40.045;0:31.500;0:32.550;0:20.338;;Ryan Briscoe;;GTLM;;Ford Chip Ganassi Racing;Ford;
7;1;1;3:11.625;0;;2:12.431;0;33.923;0;25.271;0;67.7;3:11.625;08:48:11.625;2:12.431;0:33.923;0:25.271;;Ricky Taylor;0:01:35.924;DPi;;Acura Team Penske;Acura;
7;1;2;1:18.489;0;;29.584;0;30.262;0;18.643;0;165.2;4:30.114;08:49:30.114;0:29.584;0:30.262;0:18.643;;Ricky Taylor;;DPi;;Acura Team Penske;Acura;
7;1;3;1:16.850;0;;28.656;0;29.749;0;18.445;0;168.7;5:46.964;08:50:46.964;0:28.656;0:29.749;0:18.445;;Ricky Taylor;;DPi;;Acura Team Penske;Acura;
7;1;4;1:16.254;0;;28.294;0;29.315;0;18.645;0;170.0;7:03.218;08:52:03.218;0:28.294;0:29.315;0:18.645;;Ricky Taylor;;DPi;;Acura Team Penske;Acura;
7;1;5;1:17.505;0;;29.560;0;29.647;0;18.298;0;167.3;8:20.723;08:53:20.723;0:29.560;0:29.647;0:18.298;;Ricky Taylor;;DPi;;Acura Team Penske;Acura;
7;1;6;1:16.567;0;;28.460;0;29.809;0;18.298;0;169.3;9:37.290;08:54:37.290;0:28.460;0:29.809;0:18.298;;Ricky Taylor;;DPi;;Acura Team Penske;Acura;
7;1;7;1:15.854;0;;28.248;4;29.601;0;18.005;0;170.9;10:53.144;08:55:53.144;0:28.248;0:29.601;0:18.005;;Ricky Taylor;;DPi;;Acura Team Penske;Acura;
7;1;8;1:15.497;4;;28.318;0;29.202;2;17.977;2;171.7;12:08.641;08:57:08.641;0:28.318;0:29.202;0:17.977;;Ricky Taylor;;DPi;;Acura Team Penske;Acura;
7;1;9;4:42.150;0;B;28.444;0;30.184;0;3:43.522;0;46.0;16:50.791;09:01:50.791;0:28.444;0:30.184;3:43.522;;Ricky Taylor;;DPi;;Acura Team Penske;Acura;
7;2;10;1:30.271;0;;37.904;0;33.604;0;18.763;0;143.6;18:21.062;09:03:21.062;0:37.904;0:33.604;0:18.763;;Helio Castroneves;0:03:35.183;DPi;;Acura Team Penske;Acura;
7;2;11;1:16.858;0;;28.779;0;29.803;1;18.276;1;168.7;19:37.920;09:04:37.920;0:28.779;0:29.803;0:18.276;;Helio Castroneves;;DPi;;Acura Team Penske;Acura;
7;2;12;1:18.257;0;;28.726;1;30.855;0;18.676;0;165.7;20:56.177;09:05:56.177;0:28.726;0:30.855;0:18.676;;Helio Castroneves;;DPi;;Acura Team Penske;Acura;
7;2;13;1:17.548;0;;28.897;0;29.944;0;18.707;0;167.2;22:13.725;09:07:13.725;0:28.897;0:29.944;0:18.707;;Helio Castroneves;;DPi;;Acura Team Penske;Acura;
7;2;14;1:18.549;0;;29.375;0;30.447;0;18.727;0;165.1;23:32.274;09:08:32.274;0:29.375;0:30.447;0:18.727;;Helio Castroneves;;DPi;;Acura Team Penske;Acura;
7;2;15;12:24.735;0;B;28.882;0;3:43.616;0;8:12.237;0;17.4;35:57.009;09:20:57.009;0:28.882;3:43.616;8:12.237;;Helio Castroneves;;DPi;;Acura Team Penske;Acura;
7;1;16;1:32.388;0;;40.570;0;32.510;0;19.308;0;140.3;37:29.397;09:22:29.397;0:40.570;0:32.510;0:19.308;;Ricky Taylor;0:07:54.639;DPi;;Acura Team Penske;Acura;
7;1;17;1:18.213;0;;28.949;0;30.546;0;18.718;0;165.8;38:47.610;09:23:47.610;0:28.949;0:30.546;0:18.718;;Ricky Taylor;;DPi;;Acura Team Penske;Acura;
7;1;18;1:17.828;0;;29.115;0;30.310;0;18.403;0;166.6;40:05.438;09:25:05.438;0:29.115;0:30.310;0:18.403;;Ricky Taylor;;DPi;;Acura Team Penske;Acura;
7;1;19;1:17.205;0;;28.520;0;30.055;0;18.630;0;167.9;41:22.643;09:26:22.643;0:28.520;0:30.055;0:18.630;;Ricky Taylor;;DPi;;Acura Team Penske;Acura;
7;1;20;1:15.748;0;;28.484;0;29.228;0;18.036;0;171.2;42:38.391;09:27:38.391;0:28.484;0:29.228;0:18.036;;Ricky Taylor;;DPi;;Acura Team Penske;Acura;
7;1;21;1:21.621;0;;28.318;0;33.933;0;19.370;0;158.9;44:00.012;09:29:00.012;0:28.318;0:33.933;0:19.370;;Ricky Taylor;;DPi;;Acura Team Penske;Acura;
7;1;22;1:16.575;0;;28.282;0;29.777;0;18.516;0;169.3;45:16.587;09:30:16.587;0:28.282;0:29.777;0:18.516;;Ricky Taylor;;DPi;;Acura Team Penske;Acura;
7;1;23;1:17.624;0;;29.092;0;29.939;0;18.593;0;167.0;46:34.211;09:31:34.211;0:29.092;0:29.939;0:18.593;;Ricky Taylor;;DPi;;Acura Team Penske;Acura;
7;1;24;7:25.980;0;B;29.831;0;30.884;0;6:25.265;0;29.1;54:00.191;09:39:00.191;0:29.831;0:30.884;6:25.265;;Ricky Taylor;;DPi;;Acura Team Penske;Acura;
7;2;25;1:25.343;0;;35.946;0;30.921;0;18.476;0;151.9;55:25.534;09:40:25.534;0:35.946;0:30.921;0:18.476;;Helio Castroneves;0:06:17.300;DPi;;Acura Team Penske;Acura;
7;2;26;1:17.268;0;;29.037;0;29.913;0;18.318;0;167.8;56:42.802;09:41:42.802;0:29.037;0:29.913;0:18.318;;Helio Castroneves;;DPi;;Acura Team Penske;Acura;
7;2;27;1:18.440;0;;28.896;0;30.193;0;19.351;0;165.3;58:01.242;09:43:01.242;0:28.896;0:30.193;0:19.351;;Helio Castroneves;;DPi;;Acura Team Penske;Acura;
7;2;28;1:17.795;0;;29.262;0;29.931;0;18.602;0;166.7;59:19.037;09:44:19.037;0:29.262;0:29.931;0:18.602;;Helio Castroneves;;DPi;;Acura Team Penske;Acura;
7;2;29;1:19.738;0;;29.673;0;31.184;0;18.881;0;162.6;1:00:38.775;09:45:38.775;0:29.673;0:31.184;0:18.881;;Helio Castroneves;;DPi;;Acura Team Penske;Acura;
76;1;1;2:44.205;0;;1:48.563;0;35.087;0;20.555;0;79.0;2:44.205;08:47:44.205;1:48.563;0:35.087;0:20.555;;Paul Holton;0:01:08.581;GTD;;Compass Racing;McLaren;
76;1;2;1:26.221;0;;32.372;0;33.608;0;20.241;0;150.4;4:10.426;08:49:10.426;0:32.372;0:33.608;0:20.241;;Paul Holton;;GTD;;Compass Racing;McLaren;
76;1;3;1:25.357;0;;31.911;2;33.341;0;20.105;1;151.9;5:35.783;08:50:35.783;0:31.911;0:33.341;0:20.105;;Paul Holton;;GTD;;Compass Racing;McLaren;
76;1;4;1:25.660;0;;32.210;0;33.262;1;20.188;0;151.4;7:01.443;08:52:01.443;0:32.210;0:33.262;0:20.188;;Paul Holton;;GTD;;Compass Racing;McLaren;
76;1;5;1:26.335;0;;32.548;0;33.481;0;20.306;0;150.2;8:27.778;08:53:27.778;0:32.548;0:33.481;0:20.306;;Paul Holton;;GTD;;Compass Racing;McLaren;
76;1;6;1:25.700;0;;32.012;0;33.289;0;20.399;0;151.3;9:53.478;08:54:53.478;0:32.012;0:33.289;0:20.399;;Paul Holton;;GTD;;Compass Racing;McLaren;
76;1;7;1:26.182;0;;32.169;0;33.639;0;20.374;0;150.5;11:19.660;08:56:19.660;0:32.169;0:33.639;0:20.374;;Paul Holton;;GTD;;Compass Racing;McLaren;
76;1;8;1:27.093;0;;32.848;0;33.733;0;20.512;0;148.9;12:46.753;08:57:46.753;0:32.848;0:33.733;0:20.512;;Paul Holton;;GTD;;Compass Racing;McLaren;
76;1;9;1:26.249;0;;32.312;0;33.483;0;20.454;0;150.3;14:13.002;08:59:13.002;0:32.312;0:33.483;0:20.454;;Paul Holton;;GTD;;Compass Racing;McLaren;
76;1;10;1:26.809;0;;32.417;0;33.800;0;20.592;0;149.4;15:39.811;09:00:39.811;0:32.417;0:33.800;0:20.592;;Paul Holton;;GTD;;Compass Racing;McLaren;
76;1;11;1:27.127;0;;32.529;0;33.901;0;20.697;0;148.8;17:06.938;09:02:06.938;0:32.529;0:33.901;0:20.697;;Paul Holton;;GTD;;Compass Racing;McLaren;
76;1;12;1:27.207;0;;32.751;0;33.893;0;20.563;0;148.7;18:34.145;09:03:34.145;0:32.751;0:33.893;0:20.563;;Paul Holton;;GTD;;Compass Racing;McLaren;
76;1;13;1:27.603;0;;32.751;0;34.245;0;20.607;0;148.0;20:01.748;09:05:01.748;0:32.751;0:34.245;0:20.607;;Paul Holton;;GTD;;Compass Racing;McLaren;
76;1;14;1:27.688;0;;32.794;0;34.218;0;20.676;0;147.9;21:29.436;09:06:29.436;0:32.794;0:34.218;0:20.676;;Paul Holton;;GTD;;Compass Racing;McLaren;
76;1;15;1:27.566;0;;32.861;0;34.037;0;20.668;0;148.1;22:57.002;09:07:57.002;0:32.861;0:34.037;0:20.668;;Paul Holton;;GTD;;Compass Racing;McLaren;
76;1;16;1:27.746;0;;32.845;0;34.202;0;20.699;0;147.8;24:24.748;09:09:24.748;0:32.845;0:34.202;0:20.699;;Paul Holton;;GTD;;Compass Racing;McLaren;
76;1;17;6:35.188;0;B;33.338;0;34.493;0;5:27.357;0;32.8;30:59.936;09:15:59.936;0:33.338;0:34.493;5:27.357;;Paul Holton;;GTD;;Compass Racing;McLaren;
76;2;18;1:44.840;0;;47.675;0;35.050;0;22.115;0;123.7;32:44.776;09:17:44.776;0:47.675;0:35.050;0:22.115;;Matt Plumb;0:05:17.009;GTD;;Compass Racing;McLaren;
76;2;19;1:29.005;0;;33.181;0;34.373;0;21.451;0;145.7;34:13.781;09:19:13.781;0:33.181;0:34.373;0:21.451;;Matt Plumb;;GTD;;Compass Racing;McLaren;
76;2;20;1:28.557;0;;33.210;0;34.463;0;20.884;0;146.4;35:42.338;09:20:42.338;0:33.210;0:34.463;0:20.884;;Matt Plumb;;GTD;;Compass Racing;McLaren;
76;2;21;1:29.656;0;;33.425;0;34.740;0;21.491;0;144.6;37:11.994;09:22:11.994;0:33.425;0:34.740;0:21.491;;Matt Plumb;;GTD;;Compass Racing;McLaren;
76;2;22;1:29.446;0;;33.808;0;34.715;0;20.923;0;145.0;38:41.440;09:23:41.440;0:33.808;0:34.715;0:20.923;;Matt Plumb;;GTD;;Compass Racing;McLaren;
76;2;23;1:29.094;0;;33.296;0;34.710;0;21.088;0;145.5;40:10.534;09:25:10.534;0:33.296;0:34.710;0:21.088;;Matt Plumb;;GTD;;Compass Racing;McLaren;
76;2;24;1:28.949;0;;33.452;0;34.562;0;20.935;0;145.8;41:39.483;09:26:39.483;0:33.452;0:34.562;0:20.935;;Matt Plumb;;GTD;;Compass Racing;McLaren;
76;2;25;2:13.060;0;B;33.354;0;35.234;0;1:04.472;0;97.4;43:52.543;09:28:52.543;0:33.354;0:35.234;1:04.472;;Matt Plumb;;GTD;;Compass Racing;McLaren;
76;2;26;1:39.896;0;;40.084;0;35.532;0;24.280;0;129.8;45:32.439;09:30:32.439;0:40.084;0:35.532;0:24.280;;Matt Plumb;0:00:55.289;GTD;;Compass Racing;McLaren;
76;2;27;1:27.077;0;;32.267;0;34.269;0;20.541;0;148.9;46:59.516;09:31:59.516;0:32.267;0:34.269;0:20.541;;Matt Plumb;;GTD;;Compass Racing;McLaren;
76;2;28;1:25.344;2;;32.093;0;33.219;2;20.032;2;151.9;48:24.860;09:33:24.860;0:32.093;0:33.219;0:20.032;;Matt Plumb;;GTD;;Compass Racing;McLaren;
76;2;29;1:25.374;0;;31.961;1;33.271;0;20.142;0;151.9;49:50.234;09:34:50.234;0:31.961;0:33.271;0:20.142;;Matt Plumb;;GTD;;Compass Racing;McLaren;
76;2;30;1:27.136;0;;32.402;0;33.680;0;21.054;0;148.8;51:17.370;09:36:17.370;0:32.402;0:33.680;0:21.054;;Matt Plumb;;GTD;;Compass Racing;McLaren;
76;2;31;4:32.011;0;B;32.496;0;33.881;0;3:25.634;0;47.7;55:49.381;09:40:49.381;0:32.496;0:33.881;3:25.634;;Matt Plumb;;GTD;;Compass Racing;McLaren;
76;2;32;1:31.759;0;;37.705;0;33.755;0;20.299;0;141.3;57:21.140;09:42:21.140;0:37.705;0:33.755;0:20.299;;Matt Plumb;0:03:16.618;GTD;;Compass Racing;McLaren;
76;2;33;1:25.694;0;;32.056;0;33.420;0;20.218;0;151.3;58:46.834;09:43:46.834;0:32.056;0:33.420;0:20.218;;Matt Plumb;;GTD;;Compass Racing;McLaren;
76;2;34;1:27.040;0;;32.839;0;34.030;0;20.171;0;149.0;1:00:13.874;09:45:13.874;0:32.839;0:34.030;0:20.171;;Matt Plumb;;GTD;;Compass Racing;McLaren;
77;1;1;2:09.627;0;;1:13.443;0;36.253;0;19.931;0;100.0;2:09.627;08:47:09.627;1:13.443;0:36.253;0:19.931;;Oliver Jarvis;0:00:32.828;DPi;;Mazda Team Joest;Mazda;
77;1;2;1:22.193;0;;31.336;0;31.400;0;19.457;0;157.8;3:31.820;08:48:31.820;0:31.336;0:31.400;0:19.457;;Oliver Jarvis;;DPi;;Mazda Team Joest;Mazda;
77;1;3;1:21.052;0;;30.374;0;32.193;0;18.485;0;160.0;4:52.872;08:49:52.872;0:30.374;0:32.193;0:18.485;;Oliver Jarvis;;DPi;;Mazda Team Joest;Mazda;
77;1;4;1:19.893;0;;29.839;0;31.123;0;18.931;0;162.3;6:12.765;08:51:12.765;0:29.839;0:31.123;0:18.931;;Oliver Jarvis;;DPi;;Mazda Team Joest;Mazda;
77;1;5;1:16.878;0;;28.716;0;29.761;0;18.401;0;168.7;7:29.643;08:52:29.643;0:28.716;0:29.761;0:18.401;;Oliver Jarvis;;DPi;;Mazda Team Joest;Mazda;
77;1;6;1:16.088;2;;28.599;2;29.179;3;18.310;0;170.4;8:45.731;08:53:45.731;0:28.599;0:29.179;0:18.310;;Oliver Jarvis;;DPi;;Mazda Team Joest;Mazda;
77;1;7;1:16.108;0;;28.642;0;29.183;0;18.283;1;170.4;10:01.839;08:55:01.839;0:28.642;0:29.183;0:18.283;;Oliver Jarvis;;DPi;;Mazda Team Joest;Mazda;
77;1;8;3:49.258;0;B;29.592;0;30.628;0;2:49.038;0;56.6;13:51.097;08:58:51.097;0:29.592;0:30.628;2:49.038;;Oliver Jarvis;;DPi;;Mazda Team Joest;Mazda;
77;2;9;1:30.731;0;;40.916;0;31.131;0;18.684;0;142.9;15:21.828;09:00:21.828;0:40.916;0:31.131;0:18.684;;Tristan Nunez;0:02:41.648;DPi;;Mazda Team Joest;Mazda;
77;2;10;1:19.010;0;;29.876;0;30.475;0;18.659;0;164.1;16:40.838;09:01:40.838;0:29.876;0:30.475;0:18.659;;Tristan Nunez;;DPi;;Mazda Team Joest;Mazda;
77;2;11;1:17.312;0;;29.201;0;29.734;0;18.377;0;167.7;17:58.150;09:02:58.150;0:29.201;0:29.734;0:18.377;;Tristan Nunez;;DPi;;Mazda Team Joest;Mazda;
77;2;12;1:17.416;0;;29.040;0;29.743;0;18.633;0;167.5;19:15.566;09:04:15.566;0:29.040;0:29.743;0:18.633;;Tristan Nunez;;DPi;;Mazda Team Joest;Mazda;
77;2;13;1:17.191;0;;29.094;0;29.605;0;18.492;0;168.0;20:32.757;09:05:32.757;0:29.094;0:29.605;0:18.492;;Tristan Nunez;;DPi;;Mazda Team Joest;Mazda;
77;2;14;4:10.047;0;B;29.295;0;30.193;0;3:10.559;0;51.9;24:42.804;09:09:42.804;0:29.295;0:30.193;3:10.559;;Tristan Nunez;;DPi;;Mazda Team Joest;Mazda;
77;2;15;5:50.486;0;B;36.521;0;40.394;0;4:33.571;0;37.0;30:33.290;09:15:33.290;0:36.521;0:40.394;4:33.571;;Tristan Nunez;0:03:02.865;DPi;;Mazda Team Joest;Mazda;
77;2;16;1:26.412;0;;36.053;0;31.499;0;18.860;0;150.1;31:59.702;09:16:59.702;0:36.053;0:31.499;0:18.860;;Tristan Nunez;;DPi;;Mazda Team Joest;Mazda;
77;2;17;1:18.819;0;;29.425;0;30.873;0;18.521;0;164.5;33:18.521;09:18:18.521;0:29.425;0:30.873;0:18.521;;Tristan Nunez;;DPi;;Mazda Team Joest;Mazda;
77;2;18;1:17.393;0;;29.080;0;29.860;0;18.453;0;167.5;34:35.914;09:19:35.914;0:29.080;0:29.860;0:18.453;;Tristan Nunez;;DPi;;Mazda Team Joest;Mazda;
77;2;19;1:17.573;0;;28.969;0;29.836;0;18.768;0;167.1;35:53.487;09:20:53.487;0:28.969;0:29.836;0:18.768;;Tristan Nunez;;DPi;;Mazda Team Joest;Mazda;
77;2;20;1:20.559;0;;29.991;0;31.762;0;18.806;0;161.0;37:14.046;09:22:14.046;0:29.991;0:31.762;0:18.806;;Tristan Nunez;;DPi;;Mazda Team Joest;Mazda;
77;2;21;1:20.203;0;;29.987;0;30.782;0;19.434;0;161.7;38:34.249;09:23:34.249;0:29.987;0:30.782;0:19.434;;Tristan Nunez;;DPi;;Mazda Team Joest;Mazda;
77;2;22;5:12.501;0;B;29.111;0;30.341;0;4:13.049;0;41.5;43:46.750;09:28:46.750;0:29.111;0:30.341;4:13.049;;Tristan Nunez;;DPi;;Mazda Team Joest;Mazda;
77;2;23;1:31.607;0;;39.244;0;33.158;0;19.205;0;141.5;45:18.357;09:30:18.357;0:39.244;0:33.158;0:19.205;;Tristan Nunez;0:04:04.892;DPi;;Mazda Team Joest;Mazda;
77;2;24;1:19.034;0;;30.119;0;30.072;0;18.843;0;164.1;46:37.391;09:31:37.391;0:30.119;0:30.072;0:18.843;;Tristan Nunez;;DPi;;Mazda Team Joest;Mazda;
77;2;25;1:22.616;0;;29.173;0;29.977;0;23.466;0;156.9;48:00.007;09:33:00.007;0:29.173;0:29.977;0:23.466;;Tristan Nunez;;DPi;;Mazda Team Joest;Mazda;
77;2;26;1:16.706;0;;28.825;0;29.611;0;18.270;2;169.0;49:16.713;09:34:16.713;0:28.825;0:29.611;0:18.270;;Tristan Nunez;;DPi;;Mazda Team Joest;Mazda;
77;2;27;4:16.637;0;B;29.321;0;31.268;0;3:16.048;0;50.5;53:33.350;09:38:33.350;0:29.321;0:31.268;3:16.048;;Tristan Nunez;;DPi;;Mazda Team Joest;Mazda;
77;2;28;1:25.315;0;;36.529;0;29.938;0;18.848;0;152.0;54:58.665;09:39:58.665;0:36.529;0:29.938;0:18.848;;Tristan Nunez;0:03:07.290;DPi;;Mazda Team Joest;Mazda;
77;2;29;1:18.132;0;;28.740;1;29.502;1;19.890;0;166.0;56:16.797;09:41:16.797;0:28.740;0:29.502;0:19.890;;Tristan Nunez;;DPi;;Mazda Team Joest;Mazda;
77;2;30;1:22.354;0;;29.335;0;32.558;0;20.461;0;157.4;57:39.151;09:42:39.151;0:29.335;0:32.558;0:20.461;;Tristan Nunez;;DPi;;Mazda Team Joest;Mazda;
77;2;31;1:18.121;0;;28.979;0;29.616;0;19.526;0;166.0;58:57.272;09:43:57.272;0:28.979;0:29.616;0:19.526;;Tristan Nunez;;DPi;;Mazda Team Joest;Mazda;
84;1;1;1:57.550;0;;59.631;0;36.776;0;21.143;0;110.3;1:57.550;08:46:57.550;0:59.631;0:36.776;0:21.143;;Simon Trummer;0:00:15.008;DPi;;JDC-Miller MotorSports;Cadillac;
84;1;2;1:22.926;0;;31.635;0;32.326;0;18.965;0;156.4;3:20.476;08:48:20.476;0:31.635;0:32.326;0:18.965;;Simon Trummer;;DPi;;JDC-Miller MotorSports;Cadillac;
84;1;3;1:19.671;0;;29.561;0;30.805;0;19.305;0;162.7;4:40.147;08:49:40.147;0:29.561;0:30.805;0:19.305;;Simon Trummer;;DPi;;JDC-Miller MotorSports;Cadillac;
84;1;4;1:17.412;0;;28.898;0;30.273;0;18.241;0;167.5;5:57.559;08:50:57.559;0:28.898;0:30.273;0:18.241;;Simon Trummer;;DPi;;JDC-Miller MotorSports;Cadillac;
84;1;5;1:16.978;2;;28.745;2;29.751;2;18.482;0;168.4;7:14.537;08:52:14.537;0:28.745;0:29.751;0:18.482;;Simon Trummer;;DPi;;JDC-Miller MotorSports;Cadillac;
84;1;6;1:23.431;0;;33.544;0;31.074;0;18.813;0;155.4;8:37.968;08:53:37.968;0:33.544;0:31.074;0:18.813;;Simon Trummer;;DPi;;JDC-Miller MotorSports;Cadillac;
84;1;7;1:17.225;0;;28.992;0;30.098;0;18.135;2;167.9;9:55.193;08:54:55.193;0:28.992;0:30.098;0:18.135;;Simon Trummer;;DPi;;JDC-Miller MotorSports;Cadillac;
84;1;8;1:21.951;0;;30.238;0;31.246;0;20.467;0;158.2;11:17.144;08:56:17.144;0:30.238;0:31.246;0:20.467;;Simon Trummer;;DPi;;JDC-Miller MotorSports;Cadillac;
84;1;9;1:17.197;0;;29.002;0;30.060;0;18.135;0;168.0;12:34.341;08:57:34.341;0:29.002;0:30.060;0:18.135;;Simon Trummer;;DPi;;JDC-Miller MotorSports;Cadillac;
84;1;10;1:21.081;0;;29.517;0;31.709;0;19.855;0;159.9;13:55.422;08:58:55.422;0:29.517;0:31.709;0:19.855;;Simon Trummer;;DPi;;JDC-Miller MotorSports;Cadillac;
84;1;11;1:20.672;0;;29.045;0;31.685;0;19.942;0;160.7;15:16.094;09:00:16.094;0:29.045;0:31.685;0:19.942;;Simon Trummer;;DPi;;JDC-Miller MotorSports;Cadillac;
84;1;12;1:17.615;0;;28.995;0;30.367;0;18.253;0;167.1;16:33.709;09:01:33.709;0:28.995;0:30.367;0:18.253;;Simon Trummer;;DPi;;JDC-Miller MotorSports;Cadillac;
84;1;13;1:19.962;0;;29.043;0;31.157;0;19.762;0;162.2;17:53.671;09:02:53.671;0:29.043;0:31.157;0:19.762;;Simon Trummer;;DPi;;JDC-Miller MotorSports;Cadillac;
84;1;14;1:20.504;0;;29.364;0;30.660;0;20.480;0;161.1;19:14.175;09:04:14.175;0:29.364;0:30.660;0:20.480;;Simon Trummer;;DPi;;JDC-Miller MotorSports;Cadillac;
84;1;15;11:34.985;0;B;29.088;0;30.224;0;10:35.673;0;18.7;30:49.160;09:15:49.160;0:29.088;0:30.224;10:35.673;;Simon Trummer;;DPi;;JDC-Miller MotorSports;Cadillac;
84;2;16;1:34.899;0;;41.932;0;33.961;0;19.006;0;136.6;32:24.059;09:17:24.059;0:41.932;0:33.961;0:19.006;;Stephen Simpson;0:10:28.740;DPi;;JDC-Miller MotorSports;Cadillac;
84;2;17;1:21.642;0;;30.249;0;32.515;0;18.878;0;158.8;33:45.701;09:18:45.701;0:30.249;0:32.515;0:18.878;;Stephen Simpson;;DPi;;JDC-Miller MotorSports;Cadillac;
84;2;18;1:20.369;0;;30.372;0;30.988;0;19.009;0;161.3;35:06.070;09:20:06.070;0:30.372;0:30.988;0:19.009;;Stephen Simpson;;DPi;;JDC-Miller MotorSports;Cadillac;
84;2;19;1:20.263;0;;29.948;0;31.209;0;19.106;0;161.5;36:26.333;09:21:26.333;0:29.948;0:31.209;0:19.106;;Stephen Simpson;;DPi;;JDC-Miller MotorSports;Cadillac;
84;2;20;1:20.329;0;;30.103;0;31.067;0;19.159;0;161.4;37:46.662;09:22:46.662;0:30.103;0:31.067;0:19.159;;Stephen Simpson;;DPi;;JDC-Miller MotorSports;Cadillac;
84;2;21;1:19.403;0;;29.764;1;30.912;1;18.727;1;163.3;39:06.065;09:24:06.065;0:29.764;0:30.912;0:18.727;;Stephen Simpson;;DPi;;JDC-Miller MotorSports;Cadillac;
84;2;22;1:21.868;0;;29.911;0;32.761;0;19.196;0;158.4;40:27.933;09:25:27.933;0:29.911;0:32.761;0:19.196;;Stephen Simpson;;DPi;;JDC-Miller MotorSports;Cadillac;
84;2;23;1:20.633;0;;29.979;0;31.340;0;19.314;0;160.8;41:48.566;09:26:48.566;0:29.979;0:31.340;0:19.314;;Stephen Simpson;;DPi;;JDC-Miller MotorSports;Cadillac;
84;2;24;3:40.316;0;B;30.111;0;32.269;0;2:37.936;0;58.9;45:28.882;09:30:28.882;0:30.111;0:32.269;2:37.936;;Stephen Simpson;;DPi;;JDC-Miller MotorSports;Cadillac;
84;2;25;1:26.830;0;;35.700;0;32.084;0;19.046;0;149.3;46:55.712;09:31:55.712;0:35.700;0:32.084;0:19.046;;Stephen Simpson;0:02:29.315;DPi;;JDC-Miller MotorSports;Cadillac;
84;2;26;1:21.069;0;;30.178;0;31.683;0;19.208;0;159.9;48:16.781;09:33:16.781;0:30.178;0:31.683;0:19.208;;Stephen Simpson;;DPi;;JDC-Miller MotorSports;Cadillac;
84;2;27;6:16.433;0;B;30.336;0;32.459;0;5:13.638;0;34.4;54:33.214;09:39:33.214;0:30.336;0:32.459;5:13.638;;Stephen Simpson;;DPi;;JDC-Miller MotorSports;Cadillac;
84;2;28;1:28.939;0;;36.752;0;32.586;0;19.601;0;145.8;56:02.153;09:41:02.153;0:36.752;0:32.586;0:19.601;;Stephen Simpson;0:05:06.233;DPi;;JDC-Miller MotorSports;Cadillac;
84;2;29;1:21.689;0;;30.425;0;32.057;0;19.207;0;158.7;57:23.842;09:42:23.842;0:30.425;0:32.057;0:19.207;;Stephen Simpson;;DPi;;JDC-Miller MotorSports;Cadillac;
84;2;30;1:23.331;0;;31.682;0;32.341;0;19.308;0;155.6;58:47.173;09:43:47.173;0:31.682;0:32.341;0:19.308;;Stephen Simpson;;DPi;;JDC-Miller MotorSports;Cadillac;
85;2;1;2:00.053;0;;1:03.571;0;36.112;0;20.370;0;108.0;2:00.053;08:47:00.053;1:03.571;0:36.112;0:20.370;;Tristan Vautier;0:00:18.809;DPi;;JDC-Miller MotorSports;Cadillac;
85;2;2;1:23.020;0;;31.298;0;31.853;0;19.869;0;156.2;3:23.073;08:48:23.073;0:31.298;0:31.853;0:19.869;;Tristan Vautier;;DPi;;JDC-Miller MotorSports;Cadillac;
85;2;3;1:20.210;0;;29.881;0;31.226;0;19.103;0;161.7;4:43.283;08:49:43.283;0:29.881;0:31.226;0:19.103;;Tristan Vautier;;DPi;;JDC-Miller MotorSports;Cadillac;
85;2;4;1:18.785;0;;29.432;0;30.356;0;18.997;0;164.6;6:02.068;08:51:02.068;0:29.432;0:30.356;0:18.997;;Tristan Vautier;;DPi;;JDC-Miller MotorSports;Cadillac;
85;2;5;1:18.226;0;;29.458;0;30.266;0;18.502;0;165.8;7:20.294;08:52:20.294;0:29.458;0:30.266;0:18.502;;Tristan Vautier;;DPi;;JDC-Miller MotorSports;Cadillac;
85;2;6;1:18.489;0;;29.329;0;30.558;0;18.602;0;165.2;8:38.783;08:53:38.783;0:29.329;0:30.558;0:18.602;;Tristan Vautier;;DPi;;JDC-Miller MotorSports;Cadillac;
85;2;7;1:18.762;0;;29.713;0;30.634;0;18.415;0;164.6;9:57.545;08:54:57.545;0:29.713;0:30.634;0:18.415;;Tristan Vautier;;DPi;;JDC-Miller MotorSports;Cadillac;
85;2;8;2:57.183;0;B;29.456;0;30.972;0;1:56.755;0;73.2;12:54.728;08:57:54.728;0:29.456;0:30.972;1:56.755;;Tristan Vautier;;DPi;;JDC-Miller MotorSports;Cadillac;
85;2;9;1:31.035;0;;38.920;0;32.870;0;19.245;0;142.4;14:25.763;08:59:25.763;0:38.920;0:32.870;0:19.245;;Tristan Vautier;0:01:47.478;DPi;;JDC-Miller MotorSports;Cadillac;
85;2;10;1:19.483;0;;29.466;0;31.437;0;18.580;0;163.1;15:45.246;09:00:45.246;0:29.466;0:31.437;0:18.580;;Tristan Vautier;;DPi;;JDC-Miller MotorSports;Cadillac;
85;2;11;1:19.693;0;;29.475;0;30.171;0;20.047;0;162.7;17:04.939;09:02:04.939;0:29.475;0:30.171;0:20.047;;Tristan Vautier;;DPi;;JDC-Miller MotorSports;Cadillac;
85;2;12;1:16.512;0;;28.824;2;29.461;0;18.227;0;169.5;18:21.451;09:03:21.451;0:28.824;0:29.461;0:18.227;;Tristan Vautier;;DPi;;JDC-Miller MotorSports;Cadillac;
85;2;13;1:35.249;0;;29.244;0;42.355;0;23.650;0;136.1;19:56.700;09:04:56.700;0:29.244;0:42.355;0:23.650;;Tristan Vautier;;DPi;;JDC-Miller MotorSports;Cadillac;
85;2;14;1:16.311;2;;28.887;0;29.345;2;18.079;2;169.9;21:13.011;09:06:13.011;0:28.887;0:29.345;0:18.079;;Tristan Vautier;;DPi;;JDC-Miller MotorSports;Cadillac;
85;2;15;9:36.792;0;B;28.981;0;30.893;0;8:36.918;0;22.5;30:49.803;09:15:49.803;0:28.981;0:30.893;8:36.918;;Tristan Vautier;;DPi;;JDC-Miller MotorSports;Cadillac;
85;1;16;1:34.836;0;;41.741;0;33.954;0;19.141;0;136.7;32:24.639;09:17:24.639;0:41.741;0:33.954;0:19.141;;Misha Goikhberg;0:08:28.895;DPi;;JDC-Miller MotorSports;Cadillac;
85;1;17;1:21.495;0;;30.205;0;32.579;0;18.711;0;159.1;33:46.134;09:18:46.134;0:30.205;0:32.579;0:18.711;;Misha Goikhberg;;DPi;;JDC-Miller MotorSports;Cadillac;
85;1;18;1:20.447;0;;30.388;0;31.320;0;18.739;0;161.2;35:06.581;09:20:06.581;0:30.388;0:31.320;0:18.739;;Misha Goikhberg;;DPi;;JDC-Miller MotorSports;Cadillac;
85;1;19;1:20.640;0;;31.282;0;30.699;0;18.659;0;160.8;36:27.221;09:21:27.221;0:31.282;0:30.699;0:18.659;;Misha Goikhberg;;DPi;;JDC-Miller MotorSports;Cadillac;
85;1;20;1:19.990;0;;29.535;0;31.160;0;19.295;0;162.1;37:47.211;09:22:47.211;0:29.535;0:31.160;0:19.295;;Misha Goikhberg;;DPi;;JDC-Miller MotorSports;Cadillac;
85;1;21;1:19.453;0;;29.776;0;30.746;0;18.931;0;163.2;39:06.664;09:24:06.664;0:29.776;0:30.746;0:18.931;;Misha Goikhberg;;DPi;;JDC-Miller MotorSports;Cadillac;
85;1;22;1:19.353;0;;29.827;0;31.025;0;18.501;0;163.4;40:26.017;09:25:26.017;0:29.827;0:31.025;0:18.501;;Misha Goikhberg;;DPi;;JDC-Miller MotorSports;Cadillac;
85;1;23;1:19.076;0;;29.671;0;30.722;0;18.683;0;164.0;41:45.093;09:26:45.093;0:29.671;0:30.722;0:18.683;;Misha Goikhberg;;DPi;;JDC-Miller MotorSports;Cadillac;
85;1;24;1:21.777;0;;30.050;0;32.860;0;18.867;0;158.6;43:06.870;09:28:06.870;0:30.050;0:32.860;0:18.867;;Misha Goikhberg;;DPi;;JDC-Miller MotorSports;Cadillac;
85;1;25;1:19.331;0;;29.976;0;30.744;0;18.611;0;163.4;44:26.201;09:29:26.201;0:29.976;0:30.744;0:18.611;;Misha Goikhberg;;DPi;;JDC-Miller MotorSports;Cadillac;
85;1;26;1:18.810;0;;29.865;0;30.427;0;18.518;0;164.5;45:45.011;09:30:45.011;0:29.865;0:30.427;0:18.518;;Misha Goikhberg;;DPi;;JDC-Miller MotorSports;Cadillac;
85;1;27;2:47.144;0;B;29.610;0;30.807;0;1:46.727;0;77.6;48:32.155;09:33:32.155;0:29.610;0:30.807;1:46.727;;Misha Goikhberg;;DPi;;JDC-Miller MotorSports;Cadillac;
85;1;28;1:34.803;0;;39.578;0;35.445;0;19.780;0;136.8;50:06.958;09:35:06.958;0:39.578;0:35.445;0:19.780;;Misha Goikhberg;0:01:38.475;DPi;;JDC-Miller MotorSports;Cadillac;
85;1;29;1:30.663;0;;31.027;0;32.905;0;26.731;0;143.0;51:37.621;09:36:37.621;0:31.027;0:32.905;0:26.731;;Misha Goikhberg;;DPi;;JDC-Miller MotorSports;Cadillac;
85;1;30;1:19.171;0;;30.043;0;30.679;0;18.449;0;163.8;52:56.792;09:37:56.792;0:30.043;0:30.679;0:18.449;;Misha Goikhberg;;DPi;;JDC-Miller MotorSports;Cadillac;
85;1;31;1:19.808;0;;29.291;0;31.337;0;19.180;0;162.5;54:16.600;09:39:16.600;0:29.291;0:31.337;0:19.180;;Misha Goikhberg;;DPi;;JDC-Miller MotorSports;Cadillac;
85;1;32;1:19.899;0;;29.319;0;31.180;0;19.400;0;162.3;55:36.499;09:40:36.499;0:29.319;0:31.180;0:19.400;;Misha Goikhberg;;DPi;;JDC-Miller MotorSports;Cadillac;
85;1;33;1:18.543;0;;29.248;0;30.665;0;18.630;0;165.1;56:55.042;09:41:55.042;0:29.248;0:30.665;0:18.630;;Misha Goikhberg;;DPi;;JDC-Miller MotorSports;Cadillac;
85;1;34;1:17.776;0;;29.142;1;29.976;0;18.658;0;166.7;58:12.818;09:43:12.818;0:29.142;0:29.976;0:18.658;;Misha Goikhberg;;DPi;;JDC-Miller MotorSports;Cadillac;
85;1;35;1:17.382;0;;29.209;0;29.940;1;18.233;1;167.6;59:30.200;09:44:30.200;0:29.209;0:29.940;0:18.233;;Misha Goikhberg;;DPi;;JDC-Miller MotorSports;Cadillac;
86;2;1;2:07.398;0;;1:09.503;0;36.208;0;21.687;0;101.8;2:07.398;08:47:07.398;1:09.503;0:36.208;0:21.687;;Trent Hindman;0:00:27.501;GTD;;Meyer Shank Racing w/ Curb-Agajanian;Acura;
86;2;2;1:30.771;0;;33.992;0;35.567;0;21.212;0;142.8;3:38.169;08:48:38.169;0:33.992;0:35.567;0:21.212;;Trent Hindman;;GTD;;Meyer Shank Racing w/ Curb-Agajanian;Acura;
86;2;3;1:29.006;0;;33.713;0;34.273;0;21.020;0;145.7;5:07.175;08:50:07.175;0:33.713;0:34.273;0:21.020;;Trent Hindman;;GTD;;Meyer Shank Racing w/ Curb-Agajanian;Acura;
86;2;4;1:28.487;0;;33.434;0;34.084;0;20.969;0;146.5;6:35.662;08:51:35.662;0:33.434;0:34.084;0:20.969;;Trent Hindman;;GTD;;Meyer Shank Racing w/ Curb-Agajanian;Acura;
86;2;5;12:43.672;0;B;33.433;0;34.713;0;11:35.526;0;17.0;19:19.334;09:04:19.334;0:33.433;0:34.713;11:35.526;;Trent Hindman;;GTD;;Meyer Shank Racing w/ Curb-Agajanian;Acura;
86;2;6;1:40.322;0;;42.219;0;36.988;0;21.115;0;129.2;20:59.656;09:05:59.656;0:42.219;0:36.988;0:21.115;;Trent Hindman;0:11:25.592;GTD;;Meyer Shank Racing w/ Curb-Agajanian;Acura;
86;2;7;1:27.621;0;;32.770;0;34.071;0;20.780;0;148.0;22:27.277;09:07:27.277;0:32.770;0:34.071;0:20.780;;Trent Hindman;;GTD;;Meyer Shank Racing w/ Curb-Agajanian;Acura;
86;2;8;1:25.636;0;;32.408;0;32.763;0;20.465;0;151.4;23:52.913;09:08:52.913;0:32.408;0:32.763;0:20.465;;Trent Hindman;;GTD;;Meyer Shank Racing w/ Curb-Agajanian;Acura;
86;2;9;7:11.476;0;B;32.142;0;33.267;0;6:06.067;0;30.1;31:04.389;09:16:04.389;0:32.142;0:33.267;6:06.067;;Trent Hindman;;GTD;;Meyer Shank Racing w/ Curb-Agajanian;Acura;
86;2;10;1:38.375;0;;41.465;0;34.691;0;22.219;0;131.8;32:42.764;09:17:42.764;0:41.465;0:34.691;0:22.219;;Trent Hindman;0:05:58.113;GTD;;Meyer Shank Racing w/ Curb-Agajanian;Acura;
86;2;11;1:25.578;0;;32.221;0;32.988;0;20.369;0;151.5;34:08.342;09:19:08.342;0:32.221;0:32.988;0:20.369;;Trent Hindman;;GTD;;Meyer Shank Racing w/ Curb-Agajanian;Acura;
86;2;12;1:25.864;0;;32.371;0;32.992;0;20.501;0;151.0;35:34.206;09:20:34.206;0:32.371;0:32.992;0:20.501;;Trent Hindman;;GTD;;Meyer Shank Racing w/ Curb-Agajanian;Acura;
86;2;13;1:25.622;0;;32.297;0;32.935;0;20.390;0;151.4;36:59.828;09:21:59.828;0:32.297;0:32.935;0:20.390;;Trent Hindman;;GTD;;Meyer Shank Racing w/ Curb-Agajanian;Acura;
86;2;14;6:41.794;0;B;32.314;0;33.166;0;5:36.314;0;32.3;43:41.622;09:28:41.622;0:32.314;0:33.166;5:36.314;;Trent Hindman;;GTD;;Meyer Shank Racing w/ Curb-Agajanian;Acura;
86;2;15;1:45.264;0;;39.865;0;41.642;0;23.757;0;123.2;45:26.886;09:30:26.886;0:39.865;0:41.642;0:23.757;;Trent Hindman;0:05:28.204;GTD;;Meyer Shank Racing w/ Curb-Agajanian;Acura;
86;2;16;1:25.560;0;;32.190;0;32.958;0;20.412;0;151.5;46:52.446;09:31:52.446;0:32.190;0:32.958;0:20.412;;Trent Hindman;;GTD;;Meyer Shank Racing w/ Curb-Agajanian;Acura;
86;2;17;1:25.061;2;;32.026;2;32.678;2;20.357;0;152.4;48:17.507;09:33:17.507;0:32.026;0:32.678;0:20.357;;Trent Hindman;;GTD;;Meyer Shank Racing w/ Curb-Agajanian;Acura;
86;2;18;1:25.129;0;;32.113;0;32.855;0;20.161;2;152.3;49:42.636;09:34:42.636;0:32.113;0:32.855;0:20.161;;Trent Hindman;;GTD;;Meyer Shank Racing w/ Curb-Agajanian;Acura;
86;2;19;4:35.908;0;B;32.504;0;33.139;0;3:30.265;0;47.0;54:18.544;09:39:18.544;0:32.504;0:33.139;3:30.265;;Trent Hindman;;GTD;;Meyer Shank Racing w/ Curb-Agajanian;Acura;
86;1;20;1:31.292;0;;37.473;0;33.561;0;20.258;1;142.0;55:49.836;09:40:49.836;0:37.473;0:33.561;0:20.258;;Mario Farnbacher;0:03:22.139;GTD;;Meyer Shank Racing w/ Curb-Agajanian;Acura;
86;1;21;1:26.135;0;;32.312;1;33.232;1;20.591;0;150.5;57:15.971;09:42:15.971;0:32.312;0:33.232;0:20.591;;Mario Farnbacher;;GTD;;Meyer Shank Racing w/ Curb-Agajanian;Acura;
86;1;22;1:26.378;0;;32.709;0;33.293;0;20.376;0;150.1;58:42.349;09:43:42.349;0:32.709;0:33.293;0:20.376;;Mario Farnbacher;;GTD;;Meyer Shank Racing w/ Curb-Agajanian;Acura;
86;1;23;1:26.215;0;;32.507;0;33.385;0;20.323;0;150.4;1:00:08.564;09:45:08.564;0:32.507;0:33.385;0:20.323;;Mario Farnbacher;;GTD;;Meyer Shank Racing w/ Curb-Agajanian;Acura;
9;2;1;2:14.826;0;;1:15.206;0;37.441;0;22.179;0;96.2;2:14.826;08:47:14.826;1:15.206;0:37.441;0:22.179;;Zacharie Robichon;0:00:32.130;GTD;;Pfaff Motorsports;Porsche;
9;2;2;1:29.583;0;;34.144;0;34.748;0;20.691;0;144.7;3:44.409;08:48:44.409;0:34.144;0:34.748;0:20.691;;Zacharie Robichon;;GTD;;Pfaff Motorsports;Porsche;
9;2;3;1:28.858;0;;33.240;0;34.504;0;21.114;0;145.9;5:13.267;08:50:13.267;0:33.240;0:34.504;0:21.114;;Zacharie Robichon;;GTD;;Pfaff Motorsports;Porsche;
9;2;4;1:29.134;0;;33.514;0;34.641;0;20.979;0;145.5;6:42.401;08:51:42.401;0:33.514;0:34.641;0:20.979;;Zacharie Robichon;;GTD;;Pfaff Motorsports;Porsche;
9;2;5;1:28.317;0;;33.067;0;34.479;0;20.771;0;146.8;8:10.718;08:53:10.718;0:33.067;0:34.479;0:20.771;;Zacharie Robichon;;GTD;;Pfaff Motorsports;Porsche;
9;2;6;3:20.918;0;B;33.098;0;35.105;0;2:12.715;0;64.5;11:31.636;08:56:31.636;0:33.098;0:35.105;2:12.715;;Zacharie Robichon;;GTD;;Pfaff Motorsports;Porsche;
9;2;7;1:40.474;0;;40.169;0;38.851;0;21.454;0;129.0;13:12.110;08:58:12.110;0:40.169;0:38.851;0:21.454;;Zacharie Robichon;0:02:03.763;GTD;;Pfaff Motorsports;Porsche;
9;2;8;1:25.845;0;;32.228;0;33.530;0;20.087;0;151.0;14:37.955;08:59:37.955;0:32.228;0:33.530;0:20.087;;Zacharie Robichon;;GTD;;Pfaff Motorsports;Porsche;
9;2;9;1:25.491;0;;32.066;0;33.286;0;20.139;0;151.7;16:03.446;09:01:03.446;0:32.066;0:33.286;0:20.139;;Zacharie Robichon;;GTD;;Pfaff Motorsports;Porsche;
9;2;10;1:25.159;2;;31.958;2;33.145;0;20.056;2;152.3;17:28.605;09:02:28.605;0:31.958;0:33.145;0:20.056;;Zacharie Robichon;;GTD;;Pfaff Motorsports;Porsche;
9;2;11;4:13.335;0;B;32.973;0;34.169;0;3:06.193;0;51.2;21:41.940;09:06:41.940;0:32.973;0:34.169;3:06.193;;Zacharie Robichon;;GTD;;Pfaff Motorsports;Porsche;
9;2;12;1:34.371;0;;37.354;0;36.792;0;20.225;0;137.4;23:16.311;09:08:16.311;0:37.354;0:36.792;0:20.225;;Zacharie Robichon;0:02:57.058;GTD;;Pfaff Motorsports;Porsche;
9;2;13;1:25.924;0;;32.162;0;33.430;0;20.332;0;150.9;24:42.235;09:09:42.235;0:32.162;0:33.430;0:20.332;;Zacharie Robichon;;GTD;;Pfaff Motorsports;Porsche;
9;2;14;6:02.551;0;B;34.332;0;40.304;0;4:47.915;0;35.8;30:44.786;09:15:44.786;0:34.332;0:40.304;4:47.915;;Zacharie Robichon;;GTD;;Pfaff Motorsports;Porsche;
9;2;15;1:36.570;0;;39.719;0;35.548;0;21.303;0;134.3;32:21.356;09:17:21.356;0:39.719;0:35.548;0:21.303;;Zacharie Robichon;0:04:38.471;GTD;;Pfaff Motorsports;Porsche;
9;2;16;1:27.978;0;;32.092;0;35.698;0;20.188;0;147.4;33:49.334;09:18:49.334;0:32.092;0:35.698;0:20.188;;Zacharie Robichon;;GTD;;Pfaff Motorsports;Porsche;
9;2;17;1:25.504;0;;32.013;0;33.221;0;20.270;0;151.6;35:14.838;09:20:14.838;0:32.013;0:33.221;0:20.270;;Zacharie Robichon;;GTD;;Pfaff Motorsports;Porsche;
9;2;18;1:25.258;0;;32.049;0;33.043;2;20.166;0;152.1;36:40.096;09:21:40.096;0:32.049;0:33.043;0:20.166;;Zacharie Robichon;;GTD;;Pfaff Motorsports;Porsche;
9;2;19;2:47.705;0;B;32.463;0;35.334;0;1:39.908;0;77.3;39:27.801;09:24:27.801;0:32.463;0:35.334;1:39.908;;Zacharie Robichon;;GTD;;Pfaff Motorsports;Porsche;
9;1;20;1:31.899;0;;37.608;0;33.837;0;20.454;0;141.1;40:59.700;09:25:59.700;0:37.608;0:33.837;0:20.454;;Scott Hargrove;0:01:31.384;GTD;;Pfaff Motorsports;Porsche;
9;1;21;1:26.584;0;;32.435;0;33.805;0;20.344;0;149.8;42:26.284;09:27:26.284;0:32.435;0:33.805;0:20.344;;Scott Hargrove;;GTD;;Pfaff Motorsports;Porsche;
9;1;22;1:25.564;0;;32.141;1;33.171;1;20.252;1;151.5;43:51.848;09:28:51.848;0:32.141;0:33.171;0:20.252;;Scott Hargrove;;GTD;;Pfaff Motorsports;Porsche;
9;1;23;1:26.858;0;;32.499;0;33.657;0;20.702;0;149.3;45:18.706;09:30:18.706;0:32.499;0:33.657;0:20.702;;Scott Hargrove;;GTD;;Pfaff Motorsports;Porsche;
9;1;24;3:46.988;0;B;32.733;0;33.789;0;2:40.466;0;57.1;49:05.694;09:34:05.694;0:32.733;0:33.789;2:40.466;;Scott Hargrove;;GTD;;Pfaff Motorsports;Porsche;
9;1;25;1:31.641;0;;37.556;0;33.648;0;20.437;0;141.5;50:37.335;09:35:37.335;0:37.556;0:33.648;0:20.437;;Scott Hargrove;0:02:31.753;GTD;;Pfaff Motorsports;Porsche;
9;1;26;1:26.092;0;;32.312;0;33.410;0;20.370;0;150.6;52:03.427;09:37:03.427;0:32.312;0:33.410;0:20.370;;Scott Hargrove;;GTD;;Pfaff Motorsports;Porsche;
9;1;27;1:26.714;0;;32.306;0;33.927;0;20.481;0;149.5;53:30.141;09:38:30.141;0:32.306;0:33.927;0:20.481;;Scott Hargrove;;GTD;;Pfaff Motorsports;Porsche;
9;1;28;2:50.490;0;B;32.463;0;33.699;0;1:44.328;0;76.1;56:20.631;09:41:20.631;0:32.463;0:33.699;1:44.328;;Scott Hargrove;;GTD;;Pfaff Motorsports;Porsche;
9;1;29;1:31.376;0;;36.991;0;33.685;0;20.700;0;141.9;57:52.007;09:42:52.007;0:36.991;0:33.685;0:20.700;;Scott Hargrove;0:01:36.391;GTD;;Pfaff Motorsports;Porsche;
9;1;30;1:26.547;0;;32.549;0;33.511;0;20.487;0;149.8;59:18.554;09:44:18.554;0:32.549;0:33.511;0:20.487;;Scott Hargrove;;GTD;;Pfaff Motorsports;Porsche;
9;1;31;1:27.230;0;;32.531;0;34.021;0;20.678;0;148.6;1:00:45.784;09:45:45.784;0:32.531;0:34.021;0:20.678;;Scott Hargrove;;GTD;;Pfaff Motorsports;Porsche;
911;2;1;2:04.963;0;;1:07.515;0;36.044;0;21.404;0;103.8;2:04.963;08:47:04.963;1:07.515;0:36.044;0:21.404;;Nick Tandy;0:00:25.762;GTLM;;Porsche GT Team;Porsche;
911;2;2;1:28.122;0;;32.237;0;33.279;0;22.606;0;147.1;3:33.085;08:48:33.085;0:32.237;0:33.279;0:22.606;;Nick Tandy;;GTLM;;Porsche GT Team;Porsche;
911;2;3;1:24.366;0;;31.674;0;32.718;0;19.974;0;153.7;4:57.451;08:49:57.451;0:31.674;0:32.718;0:19.974;;Nick Tandy;;GTLM;;Porsche GT Team;Porsche;
911;2;4;1:24.457;0;;31.567;0;32.774;0;20.116;0;153.5;6:21.908;08:51:21.908;0:31.567;0:32.774;0:20.116;;Nick Tandy;;GTLM;;Porsche GT Team;Porsche;
911;2;5;1:25.415;0;;32.462;0;32.959;0;19.994;0;151.8;7:47.323;08:52:47.323;0:32.462;0:32.959;0:19.994;;Nick Tandy;;GTLM;;Porsche GT Team;Porsche;
911;2;6;6:27.021;0;B;31.749;0;32.856;0;5:22.416;0;33.5;14:14.344;08:59:14.344;0:31.749;0:32.856;5:22.416;;Nick Tandy;;GTLM;;Porsche GT Team;Porsche;
911;2;7;1:32.319;0;;38.238;0;33.863;0;20.218;0;140.4;15:46.663;09:00:46.663;0:38.238;0:33.863;0:20.218;;Nick Tandy;0:05:14.607;GTLM;;Porsche GT Team;Porsche;
911;2;8;1:24.644;0;;31.468;0;33.070;0;20.106;0;153.2;17:11.307;09:02:11.307;0:31.468;0:33.070;0:20.106;;Nick Tandy;;GTLM;;Porsche GT Team;Porsche;
911;2;9;1:23.881;0;;31.609;0;32.412;0;19.860;0;154.6;18:35.188;09:03:35.188;0:31.609;0:32.412;0:19.860;;Nick Tandy;;GTLM;;Porsche GT Team;Porsche;
911;2;10;1:24.172;0;;31.624;0;32.405;0;20.143;0;154.0;19:59.360;09:04:59.360;0:31.624;0:32.405;0:20.143;;Nick Tandy;;GTLM;;Porsche GT Team;Porsche;
911;2;11;1:23.480;0;;31.315;0;32.377;0;19.788;0;155.3;21:22.840;09:06:22.840;0:31.315;0:32.377;0:19.788;;Nick Tandy;;GTLM;;Porsche GT Team;Porsche;
911;2;12;1:23.209;0;;31.360;0;32.059;0;19.790;0;155.8;22:46.049;09:07:46.049;0:31.360;0:32.059;0:19.790;;Nick Tandy;;GTLM;;Porsche GT Team;Porsche;
911;2;13;1:23.298;0;;31.352;0;32.201;0;19.745;0;155.7;24:09.347;09:09:09.347;0:31.352;0:32.201;0:19.745;;Nick Tandy;;GTLM;;Porsche GT Team;Porsche;
911;2;14;10:54.892;0;B;31.367;0;35.735;0;9:47.790;0;19.8;35:04.239;09:20:04.239;0:31.367;0:35.735;9:47.790;;Nick Tandy;;GTLM;;Porsche GT Team;Porsche;
911;2;15;1:30.763;0;;38.004;0;32.729;0;20.030;0;142.9;36:35.002;09:21:35.002;0:38.004;0:32.729;0:20.030;;Nick Tandy;0:09:37.694;GTLM;;Porsche GT Team;Porsche;
911;2;16;1:24.020;0;;31.376;0;32.604;0;20.040;0;154.3;37:59.022;09:22:59.022;0:31.376;0:32.604;0:20.040;;Nick Tandy;;GTLM;;Porsche GT Team;Porsche;
911;2;17;1:23.680;0;;31.393;0;32.437;0;19.850;0;154.9;39:22.702;09:24:22.702;0:31.393;0:32.437;0:19.850;;Nick Tandy;;GTLM;;Porsche GT Team;Porsche;
911;2;18;1:25.508;0;;32.219;0;33.353;0;19.936;0;151.6;40:48.210;09:25:48.210;0:32.219;0:33.353;0:19.936;;Nick Tandy;;GTLM;;Porsche GT Team;Porsche;
911;2;19;1:24.339;0;;31.588;0;32.440;0;20.311;0;153.7;42:12.549;09:27:12.549;0:31.588;0:32.440;0:20.311;;Nick Tandy;;GTLM;;Porsche GT Team;Porsche;
911;2;20;4:54.860;0;B;32.079;0;32.803;0;3:49.978;0;44.0;47:07.409;09:32:07.409;0:32.079;0:32.803;3:49.978;;Nick Tandy;;GTLM;;Porsche GT Team;Porsche;
911;2;21;1:30.177;0;;37.403;0;32.979;0;19.795;0;143.8;48:37.586;09:33:37.586;0:37.403;0:32.979;0:19.795;;Nick Tandy;0:03:42.152;GTLM;;Porsche GT Team;Porsche;
911;2;22;1:23.811;0;;31.485;0;32.523;0;19.803;0;154.7;50:01.397;09:35:01.397;0:31.485;0:32.523;0:19.803;;Nick Tandy;;GTLM;;Porsche GT Team;Porsche;
911;2;23;1:23.774;0;;31.713;0;32.474;0;19.587;2;154.8;51:25.171;09:36:25.171;0:31.713;0:32.474;0:19.587;;Nick Tandy;;GTLM;;Porsche GT Team;Porsche;
911;2;24;1:23.025;0;;31.096;0;32.321;0;19.608;0;156.2;52:48.196;09:37:48.196;0:31.096;0:32.321;0:19.608;;Nick Tandy;;GTLM;;Porsche GT Team;Porsche;
911;2;25;1:23.618;0;;31.806;0;32.083;0;19.729;0;155.1;54:11.814;09:39:11.814;0:31.806;0:32.083;0:19.729;;Nick Tandy;;GTLM;;Porsche GT Team;Porsche;
911;2;26;1:22.839;2;;31.058;2;32.055;2;19.726;0;156.5;55:34.653;09:40:34.653;0:31.058;0:32.055;0:19.726;;Nick Tandy;;GTLM;;Porsche GT Team;Porsche;
911;2;27;1:23.248;0;;31.129;0;32.428;0;19.691;0;155.8;56:57.901;09:41:57.901;0:31.129;0:32.428;0:19.691;;Nick Tandy;;GTLM;;Porsche GT Team;Porsche;
911;2;28;1:23.074;0;;31.211;0;32.245;0;19.618;0;156.1;58:20.975;09:43:20.975;0:31.211;0:32.245;0:19.618;;Nick Tandy;;GTLM;;Porsche GT Team;Porsche;
912;2;1;2:04.246;0;;1:06.079;0;37.192;0;20.975;0;104.4;2:04.246;08:47:04.246;1:06.079;0:37.192;0:20.975;;Laurens Vanthoor;0:00:24.982;GTLM;;Porsche GT Team;Porsche;
912;2;2;1:25.248;0;;32.320;0;33.078;0;19.850;0;152.1;3:29.494;08:48:29.494;0:32.320;0:33.078;0:19.850;;Laurens Vanthoor;;GTLM;;Porsche GT Team;Porsche;
912;2;3;1:25.393;0;;31.507;0;33.826;0;20.060;0;151.8;4:54.887;08:49:54.887;0:31.507;0:33.826;0:20.060;;Laurens Vanthoor;;GTLM;;Porsche GT Team;Porsche;
912;2;4;1:24.191;0;;31.411;0;32.812;0;19.968;0;154.0;6:19.078;08:51:19.078;0:31.411;0:32.812;0:19.968;;Laurens Vanthoor;;GTLM;;Porsche GT Team;Porsche;
912;2;5;1:23.736;0;;31.481;0;32.451;0;19.804;0;154.8;7:42.814;08:52:42.814;0:31.481;0:32.451;0:19.804;;Laurens Vanthoor;;GTLM;;Porsche GT Team;Porsche;
912;2;6;5:54.548;0;B;31.410;0;32.888;0;4:50.250;0;36.6;13:37.362;08:58:37.362;0:31.410;0:32.888;4:50.250;;Laurens Vanthoor;;GTLM;;Porsche GT Team;Porsche;
912;2;7;1:41.872;0;;44.390;0;36.284;0;21.198;0;127.3;15:19.234;09:00:19.234;0:44.390;0:36.284;0:21.198;;Laurens Vanthoor;0:04:42.197;GTLM;;Porsche GT Team;Porsche;
912;2;8;1:28.713;0;;34.789;0;33.561;0;20.363;0;146.2;16:47.947;09:01:47.947;0:34.789;0:33.561;0:20.363;;Laurens Vanthoor;;GTLM;;Porsche GT Team;Porsche;
912;2;9;1:25.547;0;;32.019;0;33.336;0;20.192;0;151.6;18:13.494;09:03:13.494;0:32.019;0:33.336;0:20.192;;Laurens Vanthoor;;GTLM;;Porsche GT Team;Porsche;
912;2;10;1:24.035;0;;31.449;0;32.612;0;19.974;0;154.3;19:37.529;09:04:37.529;0:31.449;0:32.612;0:19.974;;Laurens Vanthoor;;GTLM;;Porsche GT Team;Porsche;
912;2;11;1:23.167;0;;31.438;0;32.060;2;19.669;0;155.9;21:00.696;09:06:00.696;0:31.438;0:32.060;0:19.669;;Laurens Vanthoor;;GTLM;;Porsche GT Team;Porsche;
912;2;12;1:25.646;0;;31.578;0;33.752;0;20.316;0;151.4;22:26.342;09:07:26.342;0:31.578;0:33.752;0:20.316;;Laurens Vanthoor;;GTLM;;Porsche GT Team;Porsche;
912;2;13;1:23.058;2;;31.128;2;32.336;0;19.594;2;156.1;23:49.400;09:08:49.400;0:31.128;0:32.336;0:19.594;;Laurens Vanthoor;;GTLM;;Porsche GT Team;Porsche;
912;2;14;7:33.627;0;B;31.210;0;32.268;0;6:30.149;0;28.6;31:23.027;09:16:23.027;0:31.210;0:32.268;6:30.149;;Laurens Vanthoor;;GTLM;;Porsche GT Team;Porsche;
912;2;15;1:30.899;0;;37.677;0;33.311;0;19.911;0;142.6;32:53.926;09:17:53.926;0:37.677;0:33.311;0:19.911;;Laurens Vanthoor;0:06:21.554;GTLM;;Porsche GT Team;Porsche;
912;2;16;1:23.537;0;;31.254;0;32.547;0;19.736;0;155.2;34:17.463;09:19:17.463;0:31.254;0:32.547;0:19.736;;Laurens Vanthoor;;GTLM;;Porsche GT Team;Porsche;
912;2;17;1:24.653;0;;31.580;0;32.599;0;20.474;0;153.2;35:42.116;09:20:42.116;0:31.580;0:32.599;0:20.474;;Laurens Vanthoor;;GTLM;;Porsche GT Team;Porsche;
912;2;18;1:23.351;0;;31.307;0;32.404;0;19.640;0;155.6;37:05.467;09:22:05.467;0:31.307;0:32.404;0:19.640;;Laurens Vanthoor;;GTLM;;Porsche GT Team;Porsche;
912;2;19;1:23.645;0;;31.239;0;32.588;0;19.818;0;155.0;38:29.112;09:23:29.112;0:31.239;0:32.588;0:19.818;;Laurens Vanthoor;;GTLM;;Porsche GT Team;Porsche;
912;2;20;5:36.394;0;B;31.411;0;33.685;0;4:31.298;0;38.5;44:05.506;09:29:05.506;0:31.411;0:33.685;4:31.298;;Laurens Vanthoor;;GTLM;;Porsche GT Team;Porsche;
912;2;21;1:31.576;0;;38.164;0;33.216;0;20.196;0;141.6;45:37.082;09:30:37.082;0:38.164;0:33.216;0:20.196;;Laurens Vanthoor;0:04:22.828;GTLM;;Porsche GT Team;Porsche;
912;2;22;1:24.827;0;;31.630;0;33.377;0;19.820;0;152.9;47:01.909;09:32:01.909;0:31.630;0:33.377;0:19.820;;Laurens Vanthoor;;GTLM;;Porsche GT Team;Porsche;
912;2;23;1:24.030;0;;31.587;0;32.555;0;19.888;0;154.3;48:25.939;09:33:25.939;0:31.587;0:32.555;0:19.888;;Laurens Vanthoor;;GTLM;;Porsche GT Team;Porsche;
912;2;24;1:24.374;0;;31.625;0;32.861;0;19.888;0;153.7;49:50.313;09:34:50.313;0:31.625;0:32.861;0:19.888;;Laurens Vanthoor;;GTLM;;Porsche GT Team;Porsche;
912;2;25;1:25.218;0;;31.349;0;33.440;0;20.429;0;152.2;51:15.531;09:36:15.531;0:31.349;0:33.440;0:20.429;;Laurens Vanthoor;;GTLM;;Porsche GT Team;Porsche;
912;2;26;1:50.386;0;B;31.516;0;33.017;0;45.853;0;117.5;53:05.917;09:38:05.917;0:31.516;0:33.017;0:45.853;;Laurens Vanthoor;;GTLM;;Porsche GT Team;Porsche;
912;2;27;1:30.826;0;;37.387;0;33.423;0;20.016;0;142.8;54:36.743;09:39:36.743;0:37.387;0:33.423;0:20.016;;Laurens Vanthoor;0:00:37.553;GTLM;;Porsche GT Team;Porsche;
912;2;28;1:25.248;0;;31.895;0;33.320;0;20.033;0;152.1;56:01.991;09:41:01.991;0:31.895;0:33.320;0:20.033;;Laurens Vanthoor;;GTLM;;Porsche GT Team;Porsche;
912;2;29;1:24.914;0;;32.037;0;32.790;0;20.087;0;152.7;57:26.905;09:42:26.905;0:32.037;0:32.790;0:20.087;;Laurens Vanthoor;;GTLM;;Porsche GT Team;Porsche;
912;2;30;1:25.048;0;;31.965;0;33.025;0;20.058;0;152.5;58:51.953;09:43:51.953;0:31.965;0:33.025;0:20.058;;Laurens Vanthoor;;GTLM;;Porsche GT Team;Porsche;
912;2;31;1:25.725;0;;32.041;0;33.221;0;20.463;0;151.3;1:00:17.678;09:45:17.678;0:32.041;0:33.221;0:20.463;;Laurens Vanthoor;;GTLM;;Porsche GT Team;Porsche;
96;2;1;3:17.979;0;;2:09.660;0;42.840;0;25.479;0;65.5;3:17.979;08:48:17.979;2:09.660;0:42.840;0:25.479;;Robby Foley;0:01:23.992;GTD;;Turner Motorsport;BMW;
96;2;2;1:30.625;0;;33.562;0;35.547;0;21.516;0;143.1;4:48.604;08:49:48.604;0:33.562;0:35.547;0:21.516;;Robby Foley;;GTD;;Turner Motorsport;BMW;
96;2;3;1:26.411;0;;31.967;0;33.611;0;20.833;0;150.1;6:15.015;08:51:15.015;0:31.967;0:33.611;0:20.833;;Robby Foley;;GTD;;Turner Motorsport;BMW;
96;2;4;1:25.415;0;;32.126;0;33.215;0;20.074;0;151.8;7:40.430;08:52:40.430;0:32.126;0:33.215;0:20.074;;Robby Foley;;GTD;;Turner Motorsport;BMW;
96;2;5;1:24.523;2;;31.607;2;32.852;0;20.064;0;153.4;9:04.953;08:54:04.953;0:31.607;0:32.852;0:20.064;;Robby Foley;;GTD;;Turner Motorsport;BMW;
96;2;6;1:24.535;0;;31.661;0;32.844;2;20.030;2;153.4;10:29.488;08:55:29.488;0:31.661;0:32.844;0:20.030;;Robby Foley;;GTD;;Turner Motorsport;BMW;
96;2;7;2:59.713;0;B;31.942;0;35.229;0;1:52.542;0;72.1;13:29.201;08:58:29.201;0:31.942;0:35.229;1:52.542;;Robby Foley;;GTD;;Turner Motorsport;BMW;
96;1;8;1:32.645;0;;38.216;0;33.778;0;20.651;0;140.0;15:01.846;09:00:01.846;0:38.216;0:33.778;0:20.651;;Bill Auberlen;0:01:44.191;GTD;;Turner Motorsport;BMW;
96;1;9;1:26.205;0;;32.315;0;33.466;0;20.424;0;150.4;16:28.051;09:01:28.051;0:32.315;0:33.466;0:20.424;;Bill Auberlen;;GTD;;Turner Motorsport;BMW;
96;1;10;1:25.944;0;;32.159;1;33.422;1;20.363;1;150.9;17:53.995;09:02:53.995;0:32.159;0:33.422;0:20.363;;Bill Auberlen;;GTD;;Turner Motorsport;BMW;
96;1;11;1:26.497;0;;32.227;0;33.859;0;20.411;0;149.9;19:20.492;09:04:20.492;0:32.227;0:33.859;0:20.411;;Bill Auberlen;;GTD;;Turner Motorsport;BMW;
96;1;12;1:26.200;0;;32.260;0;33.512;0;20.428;0;150.4;20:46.692;09:05:46.692;0:32.260;0:33.512;0:20.428;;Bill Auberlen;;GTD;;Turner Motorsport;BMW;
96;1;13;1:26.764;0;;32.408;0;33.465;0;20.891;0;149.4;22:13.456;09:07:13.456;0:32.408;0:33.465;0:20.891;;Bill Auberlen;;GTD;;Turner Motorsport;BMW;
96;1;14;1:27.162;0;;32.879;0;33.716;0;20.567;0;148.8;23:40.618;09:08:40.618;0:32.879;0:33.716;0:20.567;;Bill Auberlen;;GTD;;Turner Motorsport;BMW;
96;1;15;7:49.196;0;B;32.610;0;34.155;0;6:42.431;0;27.6;31:29.814;09:16:29.814;0:32.610;0:34.155;6:42.431;;Bill Auberlen;;GTD;;Turner Motorsport;BMW;
96;1;16;1:32.645;0;;37.753;0;34.208;0;20.684;0;140.0;33:02.459;09:18:02.459;0:37.753;0:34.208;0:20.684;;Bill Auberlen;0:06:33.227;GTD;;Turner Motorsport;BMW;
96;1;17;1:27.400;0;;32.628;0;34.022;0;20.750;0;148.4;34:29.859;09:19:29.859;0:32.628;0:34.022;0:20.750;;Bill Auberlen;;GTD;;Turner Motorsport;BMW;
96;1;18;1:27.635;0;;32.624;0;34.285;0;20.726;0;148.0;35:57.494;09:20:57.494;0:32.624;0:34.285;0:20.726;;Bill Auberlen;;GTD;;Turner Motorsport;BMW;
96;1;19;1:26.958;0;;32.592;0;33.688;0;20.678;0;149.1;37:24.452;09:22:24.452;0:32.592;0:33.688;0:20.678;;Bill Auberlen;;GTD;;Turner Motorsport;BMW;
96;1;20;1:27.561;0;;32.727;0;34.012;0;20.822;0;148.1;38:52.013;09:23:52.013;0:32.727;0:34.012;0:20.822;;Bill Auberlen;;GTD;;Turner Motorsport;BMW;
96;1;21;1:28.151;0;;32.750;0;34.597;0;20.804;0;147.1;40:20.164;09:25:20.164;0:32.750;0:34.597;0:20.804;;Bill Auberlen;;GTD;;Turner Motorsport;BMW;
96;1;22;1:28.587;0;;33.271;0;34.506;0;20.810;0;146.4;41:48.751;09:26:48.751;0:33.271;0:34.506;0:20.810;;Bill Auberlen;;GTD;;Turner Motorsport;BMW;
96;1;23;1:28.149;0;;33.030;0;34.222;0;20.897;0;147.1;43:16.900;09:28:16.900;0:33.030;0:34.222;0:20.897;;Bill Auberlen;;GTD;;Turner Motorsport;BMW;
96;1;24;1:28.424;0;;33.171;0;34.340;0;20.913;0;146.6;44:45.324;09:29:45.324;0:33.171;0:34.340;0:20.913;;Bill Auberlen;;GTD;;Turner Motorsport;BMW;
96;1;25;1:28.585;0;;33.341;0;34.325;0;20.919;0;146.4;46:13.909;09:31:13.909;0:33.341;0:34.325;0:20.919;;Bill Auberlen;;GTD;;Turner Motorsport;BMW;
96;1;26;1:28.791;0;;33.572;0;34.365;0;20.854;0;146.0;47:42.700;09:32:42.700;0:33.572;0:34.365;0:20.854;;Bill Auberlen;;GTD;;Turner Motorsport;BMW;
96;1;27;1:29.626;0;;33.694;0;34.996;0;20.936;0;144.7;49:12.326;09:34:12.326;0:33.694;0:34.996;0:20.936;;Bill Auberlen;;GTD;;Turner Motorsport;BMW;
